678	284	11
0.9843874573707581	6.829037666320801	0.9791953563690186	0.4447348713874817	0.4242236316204071	0.5	9	0.5	2	0.0	0	0.5797303915023804	0.10044726729393005	0.8085932731628418	0.8145909905433655	-0.09436916559934616	-0.5723075866699219	0.018819542601704597	0.9904568195343018	-0.13653209805488586
1.5306642055511475	6.136473655700684	0.6735694408416748	0.46426910161972046	0.4060790538787842	0.5	3	0.5	2	0.0	0	0.5797303915023804	0.10044726729393005	0.8085932731628418	0.814591109752655	-0.09436918050050735	-0.5723075866699219	0.018819548189640045	0.9904568791389465	-0.13653211295604706
1.7280607223510742	6.829037666320801	0.44601014256477356	0.464337557554245	0.42670777440071106	1.0	2	0.0	0	0.0	0	0.5797303915023804	0.10044726729393005	0.8085932731628418	0.8145909905433655	-0.09436917304992676	-0.5723075866699219	0.018819542601704597	0.9904568195343018	-0.13653209805488586
-0.6289945244789124	9.319032669067383	0.6042146682739258	0.44824424386024475	0.45970648527145386	0.5	9	0.5	0	0.0	0	-0.4469509422779083	0.23193933069705963	0.8639671206474304	0.07711455225944519	0.9721972346305847	-0.22110141813755035	-0.8912285566329956	-0.03219705447554588	-0.45241037011146545
-0.6289944648742676	10.521140098571777	0.2814987003803253	0.4500851333141327	0.45997822284698486	1.0	0	0.0	0	0.0	0	-0.4469509422779083	0.23193933069705963	0.8639671206474304	0.07711455971002579	0.9721972346305847	-0.22110141813755035	-0.8912285566329956	-0.032197047024965286	-0.45241037011146545
-1.252812385559082	9.319032669067383	0.2814987003803253	0.4485878348350525	0.46148428320884705	1.0	0	0.0	0	0.0	0	-0.4469509422779083	0.23193933069705963	0.8639671206474304	0.07711455225944519	0.9721972942352295	-0.22110143303871155	-0.8912284970283508	-0.032197047024965286	-0.45241034030914307
1.325199842453003	9.319032669067383	0.2814991772174835	0.4517357647418976	0.4571765065193176	1.0	0	0.0	0	0.0	0	0.5764015913009644	0.14637310802936554	0.8039503693580627	0.8120704889297485	-0.21230599284172058	-0.5435694456100464	0.09111953526735306	0.9661785364151001	-0.2412387728691101
0.9843874573707581	6.829037666320801	0.9791953563690186	0.4447348713874817	0.4242236316204071	0.5	9	0.5	2	0.0	0	0.5764015913009644	0.14637310802936554	0.8039503693580627	0.8120704889297485	-0.2123059779405594	-0.5435694456100464	0.09111952781677246	0.9661786556243896	-0.2412387877702713
1.7280607223510742	6.829037666320801	0.44601014256477356	0.464337557554245	0.42670777440071106	1.0	2	0.0	0	0.0	0	0.5764015913009644	0.14637310802936554	0.8039503693580627	0.8120704889297485	-0.21230599284172058	-0.5435694456100464	0.09111953526735306	0.9661785364151001	-0.2412387728691101
-1.0156126022338867	6.829037666320801	0.9791951179504395	0.4145594537258148	0.46696847677230835	0.5	9	0.5	2	0.0	0	-0.9864870309829712	0.15907643735408783	0.039217475801706314	0.07016728818416595	0.6265029311180115	-0.7762542963027954	-0.1480536162853241	-0.7630128860473633	-0.6291989684104919
-0.6818426847457886	8.488255500793457	2.6447091102600098	0.44482362270355225	0.4569971263408661	1.0	9	0.0	0	0.0	0	-0.9864870309829712	0.15907643735408783	0.039217475801706314	0.07016729563474655	0.6265029311180115	-0.7762542366981506	-0.1480536311864853	-0.7630129456520081	-0.6291990280151367
-0.6289945244789124	9.319032669067383	0.6042146682739258	0.44824424386024475	0.45970648527145386	0.5	9	0.5	0	0.0	0	-0.9864870309829712	0.15907643735408783	0.039217475801706314	0.07016729563474655	0.6265029311180115	-0.7762542366981506	-0.1480536311864853	-0.7630129456520081	-0.6291990280151367
-1.252812385559082	9.319032669067383	-0.16240376234054565	0.44941091537475586	0.4620363414287567	1.0	0	0.0	0	0.0	0	-0.7532076239585876	0.14910954236984253	-0.6406596302986145	0.6361184120178223	0.4130236506462097	-0.6517398953437805	0.1674269288778305	-0.8984308242797852	-0.405943900346756
-1.0156121253967285	6.829037666320801	-1.02080500125885	0.456473171710968	0.4985786974430084	0.5	7	0.5	2	0.0	0	-0.7532076239585876	0.14910954236984253	-0.6406596302986145	0.6361184120178223	0.4130236506462097	-0.6517398953437805	0.1674269139766693	-0.8984307646751404	-0.4059438407421112
-1.639430284500122	6.829037666320801	-0.287397563457489	0.434440940618515	0.4929807484149933	1.0	2	0.0	0	0.0	0	-0.7532076239585876	0.14910954236984253	-0.6406596302986145	0.6361184120178223	0.41302362084388733	-0.6517398953437805	0.1674269288778305	-0.8984308242797852	-0.4059438705444336
0.9843874573707581	6.829037666320801	-1.0208046436309814	0.48908066749572754	0.4557602107524872	0.5	7	0.5	2	0.0	0	0.9823847413063049	0.17135260999202728	-0.07455556094646454	0.07423338294029236	-0.7239848375320435	-0.6858100295066833	-0.17149242758750916	0.6681947708129883	-0.7239517569541931
0.5657146573066711	8.418804168701172	-2.883671998977661	0.45627322793006897	0.46295952796936035	1.0	7	0.0	0	0.0	0	0.9823847413063049	0.17135260999202728	-0.07455556094646454	0.07423338294029236	-0.7239848375320435	-0.6858100295066833	-0.17149242758750916	0.6681947708129883	-0.7239517569541931
0.5815269947052002	9.319032669067383	-0.6063058376312256	0.4528489112854004	0.45991507172584534	0.5	7	0.5	0	0.0	0	0.9823847413063049	0.17135260999202728	-0.07455556094646454	0.07423338294029236	-0.7239848375320435	-0.6858100295066833	-0.17149242758750916	0.6681947708129883	-0.7239517569541931
-0.2586936354637146	10.521140098571777	0.28149887919425964	0.45029300451278687	0.4597334563732147	1.0	0	0.0	0	0.0	0	0.0	1.0	0.0	0.7015573382377625	0.0	-0.7126129865646362	-0.7126129865646362	0.0	-0.7015573382377625
-0.6289945244789124	10.521140098571777	0.6042146682739258	0.44994696974754333	0.4597610533237457	1.0	0	0.0	0	0.0	0	0.0	1.0	0.0	0.7015573382377625	0.0	-0.7126129865646362	-0.7126129865646362	0.0	-0.7015573382377625
-0.25869378447532654	10.521140098571777	0.6042147874832153	0.45009878277778625	0.45956674218177795	1.0	0	0.0	0	0.0	0	0.0	1.0	0.0	0.7015573382377625	0.0	-0.7126129865646362	-0.7126129865646362	0.0	-0.7015573382377625
-0.6289942860603333	9.319032669067383	-0.6063061952590942	0.45137953758239746	0.46195945143699646	0.5	7	0.5	0	0.0	0	0.0	0.0	-1.0	0.671823263168335	-0.740711510181427	0.0	-0.740711510181427	-0.671823263168335	0.0
-0.2586933970451355	10.521140098571777	-0.6063061952590942	0.45084714889526367	0.4601515829563141	1.0	0	0.0	0	0.0	0	0.0	0.0	-1.0	0.921480655670166	-0.38842448592185974	0.0	-0.38842448592185974	-0.921480655670166	0.0
-0.2586933970451355	9.319032669067383	-0.6063061952590942	0.45191892981529236	0.4614076018333435	0.5	7	0.5	0	0.0	0	0.0	0.0	-1.0	0.5740728378295898	-0.8188042640686035	0.0	-0.8188042640686035	-0.5740728378295898	0.0
0.5815263986587524	9.319032669067383	0.6042152643203735	0.4496310353279114	0.45744678378105164	0.5	9	0.5	0	0.0	0	-5.675145189343311e-07	0.0	1.0	0.48736992478370667	0.8731956481933594	2.765895033007837e-07	-0.8731956481933594	0.48736992478370667	-4.955512054038991e-07
0.16141632199287415	10.521140098571777	0.6042150259017944	0.45029279589653015	0.4593091607093811	1.0	0	0.0	0	0.0	0	-5.675145189343311e-07	0.0	1.0	0.48736992478370667	0.8731955289840698	2.765895033007837e-07	-0.8731955289840698	0.48736992478370667	-4.955511485604802e-07
0.16141632199287415	9.319032669067383	0.6042150259017944	0.4490233063697815	0.45816388726234436	0.5	9	0.5	0	0.0	0	-5.675145189343311e-07	0.0	1.0	0.48736995458602905	0.8731956481933594	2.765895317224931e-07	-0.8731956481933594	0.48736995458602905	-4.955512054038991e-07
0.5815269947052002	9.319032669067383	-0.6063058376312256	0.4528489112854004	0.45991507172584534	0.5	7	0.5	0	0.0	0	0.48856860399246216	0.3022487163543701	-0.81850266456604	0.13816870748996735	-0.9530484676361084	-0.2694588899612427	-0.8615162968635559	0.018557699397206306	-0.5073908567428589
0.5815267562866211	10.521140098571777	-0.16240337491035461	0.4510456621646881	0.4594091773033142	1.0	0	0.0	0	0.0	0	0.48856860399246216	0.3022487163543701	-0.81850266456604	0.13816869258880615	-0.9530485272407532	-0.2694588899612427	-0.8615162968635559	0.018557706847786903	-0.5073908567428589
1.325200080871582	9.319032669067383	-0.16240337491035461	0.4525074064731598	0.45775631070137024	1.0	0	0.0	0	0.0	0	0.48856860399246216	0.3022487163543701	-0.81850266456604	0.13816870748996735	-0.9530484676361084	-0.2694588899612427	-0.8615162968635559	0.018557699397206306	-0.5073908567428589
-0.6138181686401367	7.239271640777588	-2.8836724758148193	0.4566537141799927	0.46561184525489807	1.0	7	0.0	0	0.0	0	-1.0	-1.5159724853219814e-07	-1.965080684840359e-07	1.8385539135579165e-07	-0.9843487739562988	-0.17623107135295868	-1.6671633318310342e-07	-0.17623107135295868	0.9843487739562988
-0.6138181686401367	8.418804168701172	-3.7936294078826904	0.45618656277656555	0.46432361006736755	1.0	7	0.0	0	0.0	0	-1.0	-1.5159724853219814e-07	-1.965080684840359e-07	1.8385540556664637e-07	-0.9843488335609436	-0.17623108625411987	-1.6671633318310342e-07	-0.17623108625411987	0.9843488335609436
-0.6138179898262024	7.239271640777588	-3.7936296463012695	0.456405907869339	0.46456626057624817	1.0	7	0.0	0	0.0	0	-1.0	-1.5159724853219814e-07	-1.965080684840359e-07	1.8385540556664637e-07	-0.9843488335609436	-0.17623107135295868	-1.6671633318310342e-07	-0.17623107135295868	0.9843488335609436
0.16141682863235474	9.319032669067383	-0.6063060760498047	0.45241183042526245	0.4607428312301636	0.5	7	0.5	0	0.0	0	2.1410750150607782e-07	0.9299783110618591	-0.3676145672798157	0.7271402478218079	-0.2523634433746338	-0.6384196877479553	-0.686488926410675	-0.26730719208717346	-0.6762247085571289
0.5657146573066711	8.418804168701172	-2.883671998977661	0.45627322793006897	0.46295952796936035	1.0	7	0.0	0	0.0	0	2.1410750150607782e-07	0.9299783110618591	-0.3676145672798157	0.7271402478218079	-0.2523634731769562	-0.6384196877479553	-0.686488926410675	-0.26730719208717346	-0.6762247085571289
0.15635891258716583	8.418804168701172	-2.8836722373962402	0.4557785987854004	0.46337395906448364	1.0	7	0.0	0	0.0	0	2.1410750150607782e-07	0.9299783110618591	-0.3676145672798157	0.7271403074264526	-0.2523634433746338	-0.6384196877479553	-0.6864888668060303	-0.26730719208717346	-0.6762247085571289
-1.0156121253967285	6.829037666320801	-1.02080500125885	0.456473171710968	0.4985786974430084	0.5	7	0.5	2	0.0	0	-0.9775211215019226	-1.4818955662576627e-07	-0.21083740890026093	0.012409819290041924	-0.9982662796974182	-0.057535864412784576	-0.21047188341617584	-0.05885898321866989	0.9758265018463135
-0.613818347454071	8.418804168701172	-2.8836724758148193	0.45521625876426697	0.4644238352775574	1.0	7	0.0	0	0.0	0	-0.9775211215019226	-1.4818955662576627e-07	-0.21083740890026093	0.012409819290041924	-0.9982662796974182	-0.057535864412784576	-0.21047188341617584	-0.05885898321866989	0.9758265018463135
-0.6138181686401367	7.239271640777588	-2.8836724758148193	0.4566537141799927	0.46561184525489807	1.0	7	0.0	0	0.0	0	-0.9775211215019226	-1.4818955662576627e-07	-0.21083740890026093	0.012409819290041924	-0.9982662796974182	-0.057535864412784576	-0.21047188341617584	-0.05885898321866989	0.9758265018463135
-0.4038082957267761	6.829037666320801	-1.0208048820495605	0.4714096486568451	0.48916009068489075	0.5	7	0.5	2	0.0	0	0.0	-0.9766001105308533	-0.21506334841251373	0.5510305166244507	-0.17946715652942657	0.8149583339691162	-0.8344851136207581	-0.11850645393133163	0.5381364226341248
-0.6138181686401367	7.239271640777588	-2.8836724758148193	0.4566537141799927	0.46561184525489807	1.0	7	0.0	0	0.0	0	0.0	-0.9766001105308533	-0.21506334841251373	0.9980218410491943	-0.01352082472294569	0.06139790266752243	-0.06286902725696564	-0.214637890458107	0.9746681451797485
-0.2529968023300171	7.239271640777588	-2.8836724758148193	0.4571779668331146	0.46532928943634033	1.0	7	0.0	0	0.0	0	0.0	-0.9766001105308533	-0.21506334841251373	0.9707071781158447	-0.0516723170876503	0.2346433848142624	-0.24026557803153992	-0.20876353979110718	0.947992742061615
-0.25299662351608276	7.239271640777588	-3.7936296463012695	0.0	0.0	0.5	8	0.5	7	0.0	0	1.321532067777298e-06	6.06389221502468e-07	-1.0	1.0	-8.013628280921503e-13	1.321532067777298e-06	0.0	-1.0	-6.06389221502468e-07
-0.6138181686401367	8.418804168701172	-3.7936294078826904	0.0	0.0	1.0	7	0.0	0	0.0	0	1.321532067777298e-06	6.06389221502468e-07	-1.0	1.0	-8.013628280921503e-13	1.321532067777298e-06	0.0	-1.0	-6.06389221502468e-07
-0.25299668312072754	8.418804168701172	-3.7936289310455322	0.0	0.0	0.5	8	0.5	7	0.0	0	1.321532067777298e-06	6.06389221502468e-07	-1.0	1.0	-8.013628280921503e-13	1.321532067777298e-06	0.0	-1.0	-6.06389221502468e-07
-0.2529968023300171	7.239271640777588	-2.8836724758148193	0.4571779668331146	0.46532928943634033	1.0	7	0.0	0	0.0	0	0.0	-1.0	0.0	0.8756027817726135	0.0	0.48303189873695374	-0.48303189873695374	0.0	0.8756027817726135
-0.6138179898262024	7.239271640777588	-3.7936296463012695	0.456405907869339	0.46456626057624817	1.0	7	0.0	0	0.0	0	0.0	-1.0	0.0	0.9563167095184326	0.0	0.2923326790332794	-0.2923326790332794	0.0	0.9563167095184326
-0.25299662351608276	7.239271640777588	-3.7936296463012695	0.45654767751693726	0.4644986093044281	0.5	8	0.5	7	0.0	0	0.0	-1.0	0.0	0.9795529246330261	0.0	0.20118653774261475	-0.20118653774261475	0.0	0.9795529246330261
0.15635891258716583	8.418804168701172	-2.8836722373962402	0.4557785987854004	0.46337395906448364	1.0	7	0.0	0	0.0	0	0.0	1.0	0.0	0.6490585803985596	0.0	-0.7607385516166687	-0.7607385516166687	0.0	-0.6490585803985596
0.5657148361206055	8.418804168701172	-3.7936289310455322	0.45653894543647766	0.4639773368835449	1.0	7	0.0	0	0.0	0	0.0	1.0	0.0	0.9700143337249756	0.0	-0.24304775893688202	-0.24304775893688202	0.0	-0.9700143337249756
0.15635909140110016	8.418804168701172	-3.7936289310455322	0.45638158917427063	0.4640539884567261	0.5	8	0.5	7	0.0	0	0.0	1.0	0.0	0.9385434985160828	0.0	-0.34516093134880066	-0.34516093134880066	0.0	-0.9385434985160828
0.565714418888092	7.239271640777588	-2.8836724758148193	0.45776253938674927	0.464065819978714	1.0	7	0.0	0	0.0	0	1.0	-2.0212979734424152e-07	1.9650812532745476e-07	-2.811463843954698e-07	-0.7662625312805176	0.6425275802612305	2.070284210731188e-08	-0.6425275802612305	-0.7662625312805176
0.5657148361206055	8.418804168701172	-3.7936289310455322	0.45653894543647766	0.4639773368835449	1.0	7	0.0	0	0.0	0	1.0	-2.0212979734424152e-07	1.9650812532745476e-07	-2.811463843954698e-07	-0.7662624716758728	0.6425275802612305	2.070284033095504e-08	-0.6425275802612305	-0.7662624716758728
0.5657146573066711	8.418804168701172	-2.883671998977661	0.45627322793006897	0.46295952796936035	1.0	7	0.0	0	0.0	0	1.0	-2.0212979734424152e-07	1.9650812532745476e-07	-2.811463843954698e-07	-0.7662625312805176	0.6425275206565857	2.0702868752664472e-08	-0.6425275206565857	-0.7662625312805176
-0.6818426847457886	8.488255500793457	2.6447091102600098	0.44482362270355225	0.4569971263408661	1.0	9	0.0	0	0.0	0	0.0	1.0	0.0	0.6302707195281982	0.0	-0.7763755321502686	-0.7763755321502686	0.0	-0.6302707195281982
-0.2785305976867676	8.488255500793457	3.4583933353424072	0.44467639923095703	0.455960214138031	0.5	10	0.5	9	0.0	0	0.0	1.0	0.0	0.6302706599235535	0.0	-0.7763754725456238	-0.7763754725456238	0.0	-0.6302706599235535
-0.2785303592681885	8.488255500793457	2.644709348678589	0.44526562094688416	0.4566040337085724	1.0	9	0.0	0	0.0	0	0.0	1.0	0.0	0.6302707195281982	0.0	-0.776375412940979	-0.776375412940979	0.0	-0.6302707195281982
0.9843874573707581	6.829037666320801	0.9791953563690186	0.4447348713874817	0.4242236316204071	0.5	9	0.5	2	0.0	0	0.9788851141929626	3.170676166064368e-07	0.2044111043214798	0.011006081476807594	0.9985493421554565	-0.05270754173398018	-0.20411458611488342	0.0538443922996521	0.9774650931358337
0.6365936994552612	8.488255500793457	2.644709587097168	0.4458482563495636	0.4553757309913635	1.0	9	0.0	0	0.0	0	0.9788851141929626	3.170676166064368e-07	0.2044111043214798	0.011006081476807594	0.9985493421554565	-0.05270754173398018	-0.20411458611488342	0.0538443922996521	0.9774650931358337
0.6365941762924194	7.169819355010986	2.644709348678589	0.44438016414642334	0.4541390836238861	1.0	9	0.0	0	0.0	0	0.9788851141929626	3.170676166064368e-07	0.2044111043214798	0.011006082408130169	0.9985493421554565	-0.05270754545927048	-0.20411458611488342	0.0538443960249424	0.9774650931358337
0.2902894616127014	6.829037666320801	0.979195237159729	0.42840471863746643	0.43537572026252747	0.5	9	0.5	2	0.0	0	0.0	-0.9797024130821228	0.20045742392539978	0.7477757334709167	0.13309399783611298	0.6504747867584229	-0.6639513969421387	0.14989720284938812	0.7325977087020874
0.6365941762924194	7.169819355010986	2.644709348678589	0.44438016414642334	0.4541390836238861	1.0	9	0.0	0	0.0	0	0.0	-0.9797024130821228	0.20045742392539978	0.9695815443992615	0.049065735191106796	0.23980063199996948	-0.24476881325244904	0.19435979425907135	0.949901282787323
0.17903201282024384	7.169819355010986	2.644709348678589	0.44371235370635986	0.4545586109161377	1.0	9	0.0	0	0.0	0	0.0	-0.9797024130821228	0.20045742392539978	0.9966800212860107	0.016320843249559402	0.07976541668176651	-0.0814180001616478	0.19979190826416016	0.9764498472213745
-0.6289945244789124	9.319032669067383	0.6042146682739258	0.44824424386024475	0.45970648527145386	0.5	9	0.5	0	0.0	0	-2.92243043986673e-07	0.9261772632598877	0.37708842754364014	0.4353383183479309	0.3394804000854492	-0.8338067531585693	-0.9002668857574463	0.16416078805923462	-0.4032004773616791
-0.2785303592681885	8.488255500793457	2.644709348678589	0.44526562094688416	0.4566040337085724	1.0	9	0.0	0	0.0	0	-2.92243043986673e-07	0.9261772632598877	0.37708842754364014	0.4353383183479309	0.3394804000854492	-0.8338067531585693	-0.9002668857574463	0.16416078805923462	-0.4032004773616791
-0.25869378447532654	9.319032669067383	0.6042147874832153	0.4485771059989929	0.4588950574398041	0.5	9	0.5	0	0.0	0	-2.92243043986673e-07	0.9261772632598877	0.37708842754364014	0.4353382885456085	0.33948037028312683	-0.8338066935539246	-0.9002670049667358	0.1641608029603958	-0.40320056676864624
-0.2785305976867676	8.488255500793457	3.4583933353424072	0.0	0.0	0.5	10	0.5	9	0.0	0	-5.911510925216135e-07	1.80834248908468e-07	1.0	1.0	1.0690036231436953e-13	5.911510925216135e-07	0.0	1.0	-1.80834248908468e-07
-0.6818427443504333	7.169819355010986	3.4583933353424072	0.0	0.0	1.0	9	0.0	0	0.0	0	-5.911510925216135e-07	1.80834248908468e-07	1.0	1.0	1.0690036231436953e-13	5.911510925216135e-07	0.0	1.0	-1.80834248908468e-07
-0.2785303294658661	7.169819355010986	3.4583935737609863	0.0	0.0	0.5	10	0.5	9	0.0	0	-5.911510925216135e-07	1.80834248908468e-07	1.0	1.0	1.0690036231436953e-13	5.911510925216135e-07	0.0	1.0	-1.80834248908468e-07
0.6365936994552612	8.488255500793457	2.644709587097168	0.4458482563495636	0.4553757309913635	1.0	9	0.0	0	0.0	0	1.0	3.616686683471926e-07	2.930111691057391e-07	-1.112826879534623e-07	0.7970072627067566	-0.6039696931838989	-4.5196895825938554e-07	0.6039696931838989	0.7970072627067566
0.6365939378738403	7.169819355010986	3.4583935737609863	0.444619745016098	0.4551462233066559	1.0	9	0.0	0	0.0	0	1.0	3.616686683471926e-07	2.930111691057391e-07	-1.1128267374260759e-07	0.7970073223114014	-0.6039697527885437	-4.5196895825938554e-07	0.6039697527885437	0.7970073223114014
0.6365941762924194	7.169819355010986	2.644709348678589	0.44438016414642334	0.4541390836238861	1.0	9	0.0	0	0.0	0	1.0	3.616686683471926e-07	2.930111691057391e-07	-1.1128271637517173e-07	0.7970073223114014	-0.6039696931838989	-4.5196895825938554e-07	0.6039696931838989	0.7970073223114014
-0.6818425059318542	7.169819355010986	2.644709348678589	0.44314783811569214	0.45598670840263367	1.0	9	0.0	0	0.0	0	-1.0	-1.3562581102632976e-07	-2.930111691057391e-07	-2.7904462740480085e-07	0.8195683360099792	0.5729815363883972	1.6243157574535871e-07	0.5729815363883972	-0.8195683360099792
-0.6818429231643677	8.488255500793457	3.4583933353424072	0.4445156455039978	0.45610517263412476	1.0	9	0.0	0	0.0	0	-1.0	-1.3562581102632976e-07	-2.930111691057391e-07	-2.7904462740480085e-07	0.819568395614624	0.5729815363883972	1.6243160416706814e-07	0.5729815363883972	-0.819568395614624
-0.6818426847457886	8.488255500793457	2.6447091102600098	0.44482362270355225	0.4569971263408661	1.0	9	0.0	0	0.0	0	-1.0	-1.3562581102632976e-07	-2.930111691057391e-07	-2.790445989830914e-07	0.8195683360099792	0.5729814767837524	1.6243158995621343e-07	0.5729814767837524	-0.8195683360099792
0.17903201282024384	7.169819355010986	2.644709348678589	0.44371235370635986	0.4545586109161377	1.0	9	0.0	0	0.0	0	0.0	-1.0	0.0	0.7217999696731567	0.0	0.692101776599884	-0.692101776599884	0.0	0.7217999696731567
0.6365939378738403	7.169819355010986	3.4583935737609863	0.444619745016098	0.4551462233066559	1.0	9	0.0	0	0.0	0	0.0	-1.0	0.0	0.9039337635040283	0.0	0.42767253518104553	-0.42767253518104553	0.0	0.9039337635040283
0.17903177440166473	7.169819355010986	3.4583935737609863	0.4443901479244232	0.4552966356277466	0.5	10	0.5	9	0.0	0	0.0	-1.0	0.0	0.810065746307373	0.0	0.5863391160964966	-0.5863391160964966	0.0	0.810065746307373
-1.5429561138153076	3.83266544342041	-1.5806472301483154	0.5036453008651733	0.6920847296714783	1.0	5	0.0	0	0.0	0	-1.0	0.0	-2.1153122986561357e-07	2.1096157354349998e-07	0.07334159314632416	-0.9973069429397583	1.551403805422069e-08	-0.9973069429397583	-0.07334159314632416
-1.5429563522338867	2.5632200241088867	-0.45353904366493225	0.2856236398220062	0.8983666300773621	0.5	5	0.5	3	0.0	0	-1.0	0.0	-2.1153122986561357e-07	2.1096154512179055e-07	0.07334159314632416	-0.9973068833351135	1.551403805422069e-08	-0.9973068833351135	-0.07334159314632416
-1.5429563522338867	3.83266544342041	-0.45353904366493225	0.36223113536834717	0.6776748895645142	0.5	5	0.5	3	0.0	0	-1.0	0.0	-2.1153122986561357e-07	2.1096157354349998e-07	0.07334159314632416	-0.9973069429397583	1.551403805422069e-08	-0.9973069429397583	-0.07334159314632416
-1.0156121253967285	6.829037666320801	-1.02080500125885	0.456473171710968	0.4985786974430084	0.5	7	0.5	2	0.0	0	-0.7607983350753784	0.04925989732146263	-0.6471161842346191	0.6411752104759216	0.21130788326263428	-0.737728476524353	0.10040032863616943	-0.976177453994751	-0.19234691560268402
-1.5429563522338867	6.136473655700684	-0.45353904366493225	0.4291287064552307	0.5127043128013611	0.5	3	0.5	2	0.0	0	-0.7607983350753784	0.04925989732146263	-0.6471161842346191	0.6411752104759216	0.21130788326263428	-0.737728476524353	0.10040031373500824	-0.976177453994751	-0.19234690070152283
-1.639430284500122	6.829037666320801	-0.287397563457489	0.434440940618515	0.4929807484149933	1.0	2	0.0	0	0.0	0	-0.7607983350753784	0.04925989732146263	-0.6471161842346191	0.6411752104759216	0.21130789816379547	-0.737728476524353	0.10040032863616943	-0.976177453994751	-0.19234693050384521
-1.0156126022338867	6.829037666320801	0.9791951179504395	0.4145594537258148	0.46696847677230835	0.5	9	0.5	2	0.0	0	-1.6946711411947035e-07	0.5958027243614197	0.8031308054924011	0.39447855949401855	0.7380011081695557	-0.5474861264228821	-0.9189051389694214	0.3168177902698517	-0.23503151535987854
-0.6027299761772156	6.136473655700684	1.4929739236831665	0.3944520652294159	0.4451221525669098	0.5	3	0.5	2	0.0	0	-1.6946711411947035e-07	0.5958027243614197	0.8031308054924011	0.39447858929634094	0.7380011081695557	-0.5474861860275269	-0.9189051389694214	0.3168177604675293	-0.23503150045871735
-0.40380859375	6.829037666320801	0.979195237159729	0.41856759786605835	0.4499002695083618	0.5	9	0.5	2	0.0	0	-1.6946711411947035e-07	0.5958027243614197	0.8031308054924011	0.39447855949401855	0.7380011081695557	-0.5474861264228821	-0.9189051389694214	0.3168177902698517	-0.23503151535987854
0.9843874573707581	6.829037666320801	-1.0208046436309814	0.48908066749572754	0.4557602107524872	0.5	7	0.5	2	0.0	0	1.4464234254774055e-07	0.6286520957946777	-0.7776867151260376	0.48427924513816833	-0.6804085969924927	-0.5500161051750183	-0.8749135732650757	-0.3766174912452698	-0.30444326996803284
0.46396732330322266	6.136473655700684	-1.5806468725204468	0.5074756145477295	0.4835245609283447	1.0	2	0.0	0	0.0	0	1.4464234254774055e-07	0.6286520957946777	-0.7776867151260376	0.48427924513816833	-0.6804085969924927	-0.5500161051750183	-0.8749135732650757	-0.3766174912452698	-0.30444326996803284
0.29028958082199097	6.829037666320801	-1.020804762840271	0.4826199412345886	0.474777489900589	0.5	7	0.5	2	0.0	0	1.4464234254774055e-07	0.6286520957946777	-0.7776867151260376	0.4842792749404907	-0.6804086565971375	-0.5500161647796631	-0.8749135732650757	-0.3766174912452698	-0.30444326996803284
-0.6027299761772156	2.5632200241088867	1.4929739236831665	0.0	0.0	1.0	3	0.0	0	0.0	0	0.0	-1.0	0.0	1.0	0.0	0.0	0.0	0.0	1.0
-1.5429565906524658	2.5632200241088867	0.6735690832138062	0.0	0.0	0.5	5	0.5	3	0.0	0	0.0	-1.0	0.0	1.0	0.0	0.0	0.0	0.0	1.0
-0.6027299165725708	2.5632200241088867	0.6735692024230957	0.0	0.0	0.5	5	0.5	3	0.0	0	0.0	-1.0	0.0	1.0	0.0	0.0	0.0	0.0	1.0
1.5306642055511475	3.83266544342041	-1.5806466341018677	0.6826707720756531	0.4062128961086273	1.0	5	0.0	0	0.0	0	2.2351109407736658e-07	0.0	-1.0	0.3947547674179077	-0.9187865853309631	8.82320705386519e-08	-0.9187865853309631	-0.3947547674179077	-2.0535900091545045e-07
0.46396732330322266	2.5632200241088867	-1.5806468725204468	0.9022346138954163	0.6107134819030762	0.5	6	0.5	5	0.0	0	2.2351109407736658e-07	0.0	-1.0	0.30515938997268677	-0.9523013830184937	6.820651066163919e-08	-0.9523013830184937	-0.30515938997268677	-2.1284992612891074e-07
0.46396732330322266	3.83266544342041	-1.5806468725204468	0.6739511489868164	0.541526198387146	1.0	5	0.0	0	0.0	0	2.2351109407736658e-07	0.0	-1.0	0.502781331539154	-0.8644135594367981	1.1237720798362716e-07	-0.8644135594367981	-0.502781331539154	-1.9320602007155685e-07
-1.542956829071045	3.83266544342041	1.492973804473877	0.22286772727966309	0.5165414214134216	1.0	3	0.0	0	0.0	0	-1.2678779626185133e-07	0.0	1.0	0.3103095293045044	0.950635552406311	3.934346182177251e-08	-0.950635552406311	0.3103095293045044	-1.2052898057390848e-07
-0.6027299761772156	2.5632200241088867	1.4929739236831665	0.00010113335883943364	0.34825748205184937	1.0	3	0.0	0	0.0	0	-1.2678779626185133e-07	0.0	1.0	0.3103095591068268	0.9506356120109558	3.9343465374486186e-08	-0.9506356120109558	0.3103095591068268	-1.205289947847632e-07
-0.6027299761772156	3.83266544342041	1.4929739236831665	0.225945845246315	0.3997359573841095	1.0	3	0.0	0	0.0	0	-1.2678779626185133e-07	0.0	1.0	0.3103095293045044	0.950635552406311	3.934346182177251e-08	-0.950635552406311	0.3103095293045044	-1.2052898057390848e-07
1.5306642055511475	3.83266544342041	1.4929741621017456	0.40100961923599243	0.23230311274528503	1.0	3	0.0	0	0.0	0	1.0	0.0	0.0	0.0	0.01380072720348835	-0.9999047517776489	0.0	0.9999047517776489	0.01380072720348835
1.5306642055511475	2.5632200241088867	0.6735694408416748	0.5372475981712341	0.00010113335883943364	0.5	5	0.5	3	0.0	0	1.0	0.0	0.0	0.0	-0.2426040917634964	-0.9701253771781921	0.0	0.9701253771781921	-0.2426040917634964
1.5306642055511475	3.83266544342041	0.6735694408416748	0.5022132396697998	0.23172976076602936	0.5	5	0.5	3	0.0	0	1.0	0.0	0.0	0.0	-0.2648821771144867	-0.9642808437347412	0.0	0.9642808437347412	-0.2648821771144867
1.5306642055511475	2.5632200241088867	-0.45353856682777405	0.7765979766845703	0.1174117773771286	0.5	5	0.5	3	0.0	0	1.0	0.0	0.0	0.0	-0.6563004851341248	-0.7544995546340942	0.0	0.7544995546340942	-0.6563004851341248
1.5306642055511475	3.83266544342041	-0.45353856682777405	0.6181359887123108	0.29259246587753296	0.5	5	0.5	3	0.0	0	1.0	0.0	0.0	0.0	-0.6861193180084229	-0.7274889945983887	0.0	0.7274889945983887	-0.6861193180084229
-1.5429563522338867	2.5632200241088867	-0.45353904366493225	0.0	0.0	0.5	5	0.5	3	0.0	0	0.0	-1.0	0.0	1.0	0.0	0.0	0.0	0.0	1.0
-0.6027296781539917	2.5632200241088867	-0.4535389244556427	0.0	0.0	0.3333333333333333	6	0.3333333333333333	5	0.3333333333333333	3	0.0	-1.0	0.0	1.0	0.0	0.0	0.0	0.0	1.0
-1.0156126022338867	6.829037666320801	0.9791951179504395	0.4145594537258148	0.46696847677230835	0.5	9	0.5	2	0.0	0	-0.7956109642982483	0.605807900428772	-2.3149542016653868e-07	0.4675317108631134	0.6140117645263672	-0.6359273791313171	-0.38524967432022095	-0.505950927734375	-0.7717489004135132
-1.5429565906524658	6.136473655700684	0.6735690832138062	0.4028192460536957	0.49067842960357666	0.5	3	0.5	2	0.0	0	-0.7956109642982483	0.605807900428772	-2.3149542016653868e-07	0.4675317108631134	0.614011824131012	-0.6359273791313171	-0.38524967432022095	-0.505950927734375	-0.771748960018158
-1.542956829071045	6.136473655700684	1.492973804473877	0.3888406455516815	0.4716854989528656	0.5	3	0.5	2	0.0	0	-0.7956109642982483	0.605807900428772	-2.3149542016653868e-07	0.46753165125846863	0.6140117645263672	-0.6359273791313171	-0.38524964451789856	-0.505950927734375	-0.7717488408088684
-1.5429565906524658	3.83266544342041	0.6735690832138062	0.2600044906139374	0.5976932048797607	1.0	3	0.0	0	0.0	0	-1.0	0.0	-2.9096557341290463e-07	1.1236135577519235e-07	0.9224289059638977	-0.3861671984195709	2.683950413029379e-07	-0.3861671984195709	-0.9224289059638977
-1.542956829071045	2.5632200241088867	1.492973804473877	0.00010113335883943364	0.5691741704940796	1.0	3	0.0	0	0.0	0	-1.0	0.0	-2.9096557341290463e-07	1.1236134866976499e-07	0.9224289059638977	-0.38616716861724854	2.683950413029379e-07	-0.38616716861724854	-0.9224289059638977
-1.542956829071045	3.83266544342041	1.492973804473877	0.22286772727966309	0.5165414214134216	1.0	3	0.0	0	0.0	0	-1.0	0.0	-2.9096557341290463e-07	1.1236134156433764e-07	0.9224289059638977	-0.38616713881492615	2.683950413029379e-07	-0.38616713881492615	-0.9224289059638977
0.5815263986587524	9.319032669067383	0.6042152643203735	0.4496310353279114	0.45744678378105164	0.5	9	0.5	0	0.0	0	1.0	0.0	3.693937173920858e-07	3.6877594311590656e-07	-0.057809896767139435	-0.9983276128768921	2.1354612300683584e-08	0.9983276128768921	-0.057809896767139435
0.581526517868042	10.521140098571777	0.2814991772174835	0.4507004916667938	0.4591444730758667	1.0	0	0.0	0	0.0	0	1.0	0.0	3.693937173920858e-07	3.6877594311590656e-07	-0.057809893041849136	-0.9983276128768921	2.1354610524326745e-08	0.9983276128768921	-0.057809893041849136
0.5815263986587524	10.521140098571777	0.6042152643203735	0.4504614472389221	0.45911848545074463	1.0	0	0.0	0	0.0	0	1.0	0.0	3.693937173920858e-07	3.6877591469419713e-07	-0.057809896767139435	-0.9983275532722473	2.1354614077040424e-08	0.9983275532722473	-0.057809896767139435
-0.2586935758590698	10.521140098571777	-0.1624036431312561	0.45058056712150574	0.45995253324508667	1.0	0	0.0	0	0.0	0	0.0	1.0	0.0	0.5982760787010193	0.0	-0.8012901544570923	-0.8012901544570923	0.0	-0.5982760787010193
-0.6289944648742676	10.521140098571777	0.2814987003803253	0.4500851333141327	0.45997822284698486	1.0	0	0.0	0	0.0	0	0.0	1.0	0.0	0.5982760787010193	0.0	-0.8012900352478027	-0.8012900352478027	0.0	-0.5982760787010193
-0.2586936354637146	10.521140098571777	0.28149887919425964	0.45029300451278687	0.4597334563732147	1.0	0	0.0	0	0.0	0	0.0	1.0	0.0	0.5982760787010193	0.0	-0.8012901544570923	-0.8012901544570923	0.0	-0.5982760787010193
-1.0156126022338867	6.829037666320801	0.9791951179504395	0.4145594537258148	0.46696847677230835	0.5	9	0.5	2	0.0	0	-0.6424331068992615	0.1494094431400299	0.7516360282897949	-0.16569440066814423	0.9305288791656494	-0.32659077644348145	-0.7482146620750427	-0.33435454964637756	-0.5730461478233337
-1.252812385559082	9.319032669067383	0.2814987003803253	0.4485878348350525	0.46148428320884705	1.0	0	0.0	0	0.0	0	-0.6424331068992615	0.1494094431400299	0.7516360282897949	-0.16569440066814423	0.9305288195610046	-0.32659074664115906	-0.7482146620750427	-0.33435454964637756	-0.5730461478233337
-1.6394305229187012	6.829037666320801	0.44600987434387207	0.4220609664916992	0.4835613965988159	1.0	2	0.0	0	0.0	0	-0.6424331068992615	0.1494094431400299	0.7516360282897949	-0.16569438576698303	0.9305287599563599	-0.32659074664115906	-0.748214602470398	-0.33435454964637756	-0.5730461478233337
1.7280607223510742	6.829037666320801	-0.28739723563194275	0.4761641025543213	0.43523848056793213	1.0	2	0.0	0	0.0	0	0.9871631860733032	0.159714937210083	0.0	0.1144544929265976	-0.7074182629585266	-0.6974665522575378	-0.11139582842588425	0.6885132789611816	-0.7166173458099365
1.325199842453003	9.319032669067383	0.2814991772174835	0.4517357647418976	0.4571765065193176	1.0	0	0.0	0	0.0	0	0.9871631860733032	0.159714937210083	0.0	0.1144544929265976	-0.7074182629585266	-0.6974665522575378	-0.11139582842588425	0.6885132789611816	-0.7166173458099365
1.7280607223510742	6.829037666320801	0.44601014256477356	0.464337557554245	0.42670777440071106	1.0	2	0.0	0	0.0	0	0.9871631860733032	0.159714937210083	0.0	0.11445450782775879	-0.7074183225631714	-0.6974665522575378	-0.11139582842588425	0.6885132789611816	-0.7166174054145813
-1.252812385559082	9.319032669067383	-0.16240376234054565	0.44941091537475586	0.4620363414287567	1.0	0	0.0	0	0.0	0	-0.8876027464866638	0.4606098532676697	-1.1918214681827521e-07	0.17885006964206696	0.34464675188064575	-0.9215375185012817	-0.4244692325592041	-0.8179592490196228	-0.38828951120376587
-0.6289944648742676	10.521140098571777	0.2814987003803253	0.4500851333141327	0.45997822284698486	1.0	0	0.0	0	0.0	0	-0.8876027464866638	0.4606098532676697	-1.1918214681827521e-07	0.17885005474090576	0.34464675188064575	-0.921537458896637	-0.4244692027568817	-0.817959189414978	-0.38828951120376587
-0.6289944052696228	10.521140098571777	-0.16240376234054565	0.4504101276397705	0.46022796630859375	1.0	0	0.0	0	0.0	0	-0.8876027464866638	0.4606098532676697	-1.1918214681827521e-07	0.17885005474090576	0.34464672207832336	-0.921537458896637	-0.4244692027568817	-0.817959189414978	-0.3882894515991211
1.7280607223510742	6.829037666320801	0.44601014256477356	0.464337557554245	0.42670777440071106	1.0	2	0.0	0	0.0	0	0.9616994261741638	-0.2741062045097351	0.0	-0.14955788850784302	-0.5247226357460022	-0.8380326628684998	0.2297099530696869	0.8059355616569519	-0.5456202030181885
1.5306642055511475	6.136473655700684	-0.45353856682777405	0.4942871630191803	0.42430534958839417	0.5	5	0.5	2	0.0	0	0.9616994261741638	-0.2741062045097351	0.0	-0.14955787360668182	-0.5247225761413574	-0.838032603263855	0.2297099381685257	0.8059355020523071	-0.5456201434135437
1.7280607223510742	6.829037666320801	-0.28739723563194275	0.4761641025543213	0.43523848056793213	1.0	2	0.0	0	0.0	0	0.9616994261741638	-0.2741062045097351	0.0	-0.14955788850784302	-0.5247226357460022	-0.838032603263855	0.2297099381685257	0.8059355020523071	-0.5456202030181885
0.9843874573707581	6.829037666320801	-1.0208046436309814	0.48908066749572754	0.4557602107524872	0.5	7	0.5	2	0.0	0	0.7851498126983643	0.6193060278892517	0.0	0.4760810136795044	-0.6035705804824829	-0.6395696997642517	-0.3960894048213959	0.502157986164093	-0.7687331438064575
1.5306642055511475	6.136473655700684	-0.45353856682777405	0.4942871630191803	0.42430534958839417	0.5	5	0.5	2	0.0	0	0.7851498126983643	0.6193060278892517	0.0	0.4760810136795044	-0.6035705804824829	-0.6395696997642517	-0.3960894048213959	0.502157986164093	-0.7687331438064575
1.5306642055511475	6.136473655700684	-1.5806466341018677	0.5162951946258545	0.451553076505661	0.5	5	0.5	2	0.0	0	0.7851498126983643	0.6193060278892517	0.0	0.4760810434818268	-0.6035705804824829	-0.6395697593688965	-0.3960894048213959	0.502157986164093	-0.7687331438064575
-0.6289942860603333	9.319032669067383	-0.6063061952590942	0.45137953758239746	0.46195945143699646	0.5	7	0.5	0	0.0	0	-1.0	0.0	-2.6854840484702436e-07	2.6694098664847843e-07	0.10924902558326721	-0.9940144419670105	2.933865239640454e-08	-0.9940144419670105	-0.10924902558326721
-0.6289944052696228	10.521140098571777	-0.16240376234054565	0.4504101276397705	0.46022796630859375	1.0	0	0.0	0	0.0	0	-1.0	0.0	-2.6854840484702436e-07	2.6694098664847843e-07	0.10924901813268661	-0.9940143823623657	2.93386506200477e-08	-0.9940143823623657	-0.10924901813268661
-0.6289942860603333	10.521140098571777	-0.6063061952590942	0.45069462060928345	0.46029549837112427	1.0	0	0.0	0	0.0	0	-1.0	0.0	-2.6854840484702436e-07	2.6694098664847843e-07	0.10924902558326721	-0.9940143823623657	2.933865239640454e-08	-0.9940143823623657	-0.10924902558326721
0.9843874573707581	6.829037666320801	-1.0208046436309814	0.48908066749572754	0.4557602107524872	0.5	7	0.5	2	0.0	0	0.6944730877876282	0.1477094441652298	-0.7041939496994019	-0.1535964012145996	-0.9257076382637024	-0.3456495702266693	-0.7029333710670471	0.34820595383644104	-0.6201913952827454
1.325200080871582	9.319032669067383	-0.16240337491035461	0.4525074064731598	0.45775631070137024	1.0	0	0.0	0	0.0	0	0.6944730877876282	0.1477094441652298	-0.7041939496994019	-0.15359638631343842	-0.9257076382637024	-0.3456495404243469	-0.7029333710670471	0.34820595383644104	-0.6201913952827454
1.7280607223510742	6.829037666320801	-0.28739723563194275	0.4761641025543213	0.43523848056793213	1.0	2	0.0	0	0.0	0	0.6944730877876282	0.1477094441652298	-0.7041939496994019	-0.15359637141227722	-0.9257076382637024	-0.3456495404243469	-0.7029333710670471	0.34820592403411865	-0.6201913952827454
-0.6289942860603333	10.521140098571777	-0.6063061952590942	0.45069462060928345	0.46029549837112427	1.0	0	0.0	0	0.0	0	0.0	1.0	0.0	0.7556694746017456	0.0	-0.6549533009529114	-0.6549533009529114	0.0	-0.7556694746017456
-0.2586935758590698	10.521140098571777	-0.1624036431312561	0.45058056712150574	0.45995253324508667	1.0	0	0.0	0	0.0	0	0.0	1.0	0.0	0.7556694149971008	0.0	-0.6549532413482666	-0.6549532413482666	0.0	-0.7556694149971008
-0.2586933970451355	10.521140098571777	-0.6063061952590942	0.45084714889526367	0.4601515829563141	1.0	0	0.0	0	0.0	0	0.0	1.0	0.0	0.7556694149971008	0.0	-0.6549532413482666	-0.6549532413482666	0.0	-0.7556694149971008
-1.5429561138153076	2.5632200241088867	-1.5806472301483154	0.0	0.0	1.0	5	0.0	0	0.0	0	0.0	-1.0	0.0	1.0	0.0	0.0	0.0	0.0	1.0
-0.6027295589447021	2.5632200241088867	-1.5806471109390259	0.0	0.0	0.5	6	0.5	5	0.0	0	0.0	-1.0	0.0	1.0	0.0	0.0	0.0	0.0	1.0
1.5306642055511475	2.5632200241088867	-1.5806466341018677	0.9142618775367737	0.3492687940597534	1.0	5	0.0	0	0.0	0	1.0	0.0	0.0	0.0	-0.8721095323562622	-0.48931077122688293	0.0	0.48931077122688293	-0.8721095323562622
1.5306642055511475	3.83266544342041	-1.5806466341018677	0.6826707720756531	0.4062128961086273	1.0	5	0.0	0	0.0	0	1.0	0.0	0.0	0.0	-0.8816770315170288	-0.47185346484184265	0.0	0.47185346484184265	-0.8816770315170288
-1.6394305229187012	6.829037666320801	0.44600987434387207	0.4220609664916992	0.4835613965988159	1.0	2	0.0	0	0.0	0	-0.9904367923736572	-0.1379675716161728	-2.0950831469690456e-07	-0.1053166389465332	0.7560443878173828	-0.6459916830062866	0.08912605047225952	-0.6398138999938965	-0.7633443474769592
-1.5429563522338867	6.136473655700684	-0.45353904366493225	0.4291287064552307	0.5127043128013611	0.5	3	0.5	2	0.0	0	-0.9904367923736572	-0.1379675716161728	-2.0950831469690456e-07	-0.1053166389465332	0.7560443878173828	-0.6459917426109314	0.08912605792284012	-0.6398139595985413	-0.7633443474769592
-1.5429565906524658	6.136473655700684	0.6735690832138062	0.4028192460536957	0.49067842960357666	0.5	3	0.5	2	0.0	0	-0.9904367923736572	-0.1379675716161728	-2.0950831469690456e-07	-0.1053166463971138	0.7560443878173828	-0.6459917426109314	0.08912605792284012	-0.6398139595985413	-0.7633443474769592
-1.5429563522338867	3.83266544342041	-0.45353904366493225	0.36223113536834717	0.6776748895645142	0.5	5	0.5	3	0.0	0	-1.0	0.0	-2.1153124407646828e-07	1.7771560578694334e-07	0.5423714518547058	-0.8401387333869934	1.1472850758309505e-07	-0.8401387333869934	-0.5423714518547058
-1.5429565906524658	2.5632200241088867	0.6735690832138062	0.07915126532316208	0.737231433391571	0.5	5	0.5	3	0.0	0	-1.0	0.0	-2.1153124407646828e-07	1.7771560578694334e-07	0.5423714518547058	-0.8401387929916382	1.1472850758309505e-07	-0.8401387929916382	-0.5423714518547058
-1.5429565906524658	3.83266544342041	0.6735690832138062	0.2600044906139374	0.5976932048797607	1.0	3	0.0	0	0.0	0	-1.0	0.0	-2.1153124407646828e-07	1.7771560578694334e-07	0.5423715114593506	-0.840138852596283	1.1472852179394977e-07	-0.840138852596283	-0.5423715114593506
1.325200080871582	9.319032669067383	-0.16240337491035461	0.4525074064731598	0.45775631070137024	1.0	0	0.0	0	0.0	0	0.8504197597503662	0.526104748249054	3.7996403534634737e-07	0.35996371507644653	-0.5818613171577454	-0.7292897701263428	-0.38368263840675354	0.6202025413513184	-0.6842049956321716
