1890	808	26
1.4150350093841553	10.85692024230957	-0.48519760370254517	0.8263087272644043	0.08050402998924255	0.5936246975751492	1	0.22495270581996657	23	0.1814225966048842	0	0.0	0.25802502036094666	-0.9661382436752319	1.0	-2.441005619857606e-07	-6.519154993611664e-08	-2.5265595127166307e-07	-0.9661382436752319	-0.25802502036094666
2.569149971008301	8.929315567016602	-0.9999999403953552	0.8728125691413879	0.15797963738441467	0.614475013856445	24	0.3222765310513453	23	0.06324845509220972	1	0.0	0.25802502036094666	-0.9661382436752319	1.0	-2.441005619857606e-07	-6.519154993611664e-08	-2.5265595127166307e-07	-0.9661382436752319	-0.25802502036094666
1.0	8.929315567016602	-0.9999999403953552	0.8094688653945923	0.15797965228557587	0.7276214238612323	23	0.1570149271209758	24	0.11536364901779195	20	0.0	0.25802502036094666	-0.9661382436752319	1.0	-2.441005619857606e-07	-6.519154993611664e-08	-2.5265595127166307e-07	-0.9661382436752319	-0.25802502036094666
1.7214189767837524	12.508339881896973	1.0000008344650269	0.9413562417030334	0.2601102888584137	0.552409493576321	1	0.3360822616225182	3	0.11150824480116077	18	0.92045658826828	0.3250882029533386	-0.21697334945201874	-0.3371712565422058	0.9412278532981873	-0.020138192921876907	0.19767466187477112	0.09169351309537888	0.9759697914123535
1.027727484703064	12.825395584106445	-1.4677759408950806	0.9571704268455505	0.161001518368721	0.8620194623802419	18	0.08860101832631209	3	0.04937951929344604	1	0.92045658826828	0.3250882029533386	-0.21697334945201874	-0.3371712863445282	0.9412279725074768	-0.020138194784522057	0.1976746916770935	0.09169351309537888	0.9759698510169983
1.5843702554702759	12.896380424499512	1.0000008344650269	0.9571704268455505	0.26044464111328125	0.6660227340002557	3	0.16888941006629923	1	0.16508785593344508	2	0.92045658826828	0.3250882029533386	-0.21697334945201874	-0.3371712565422058	0.9412278532981873	-0.020138192921876907	0.19767466187477112	0.09169351309537888	0.9759697914123535
1.0000004768371582	12.825395584106445	-0.999999463558197	0.9125709533691406	0.7127788066864014	0.7596998065990325	18	0.15176647481101932	1	0.08853371858994825	3	-4.187837276958817e-08	0.9925834536552429	0.12156537920236588	0.9999703764915466	0.0009357943199574947	-0.007640432566404343	-0.0076975272968411446	0.12156178057193756	-0.9925540685653687
1.619850754737854	12.580448150634766	1.0000007152557373	0.9369833469390869	0.6323022842407227	0.5688120863573444	1	0.30264996933549787	3	0.1285379443071578	18	-4.187837276958817e-08	0.9925834536552429	0.12156537920236588	0.9999704360961914	0.0009357943781651556	-0.00764043303206563	-0.007697526831179857	0.12156177312135696	-0.9925540089607239
1.7063624858856201	12.825395584106445	-0.9999992847442627	0.9410849213600159	0.7125621438026428	0.5945379741268381	18	0.29388018369399516	1	0.11158184217916682	3	-4.187837276958817e-08	0.9925834536552429	0.12156537920236588	0.9999703764915466	0.0009357943781651556	-0.00764043303206563	-0.0076975272968411446	0.12156178057193756	-0.9925540685653687
-1.7230812311172485	12.514437675476074	0.9999993443489075	0.8789452314376831	0.0606326125562191	0.468877988165289	1	0.39551353398070566	7	0.13560847785400534	0	-0.5820044875144958	6.931072960014717e-08	0.8131855130195618	0.8127861022949219	-0.03134191036224365	0.5817185640335083	0.02548682875931263	0.9995086789131165	0.018241075798869133
-0.6478661298751831	11.177530288696289	1.7695409059524536	0.9080381393432617	0.008517242968082428	0.7341257923376567	1	0.19983767327006127	0	0.06603653439228198	20	-0.5820044875144958	6.931072960014717e-08	0.8131855130195618	0.8127860426902771	-0.031341906636953354	0.5817185640335083	0.02548682503402233	0.9995086789131165	0.018241073936223984
-0.6478663086891174	12.473260879516602	1.7695406675338745	0.9080381393432617	0.06064406409859657	0.7675735251928172	1	0.14196036965937203	7	0.09046610514781082	0	-0.5820044875144958	6.931072960014717e-08	0.8131855130195618	0.8127860426902771	-0.03134191036224365	0.5817185640335083	0.02548682875931263	0.9995086789131165	0.018241075798869133
-1.370354413986206	10.994759559631348	0.6032958626747131	0.869266152381897	0.3395708203315735	0.6052729089473018	0	0.20871498120018958	20	0.18601210985250857	1	0.8265416026115417	1.7404269669896166e-07	0.5628756284713745	0.5496286749839783	0.2156730741262436	-0.8070895671844482	-0.12139725685119629	0.97646564245224	0.17826266586780548
-1.6405103206634521	12.584298133850098	0.9999995231628418	0.869266152381897	0.405796617269516	0.4438286720910998	1	0.4160854942358667	7	0.1400858336730335	0	0.8265416026115417	1.7404269669896166e-07	0.5628756284713745	0.5496286749839783	0.21567302942276	-0.8070894479751587	-0.1213972344994545	0.9764655828475952	0.1782626509666443
-1.640510082244873	11.066493034362793	0.9999996423721313	0.8545288443565369	0.34651318192481995	0.51461765197106	0	0.29861349046598157	1	0.18676885756295844	20	0.8265416026115417	1.7404269669896166e-07	0.5628756284713745	0.5496286749839783	0.21567301452159882	-0.8070894479751587	-0.1213972270488739	0.9764655828475952	0.1782626360654831
1.0000004768371582	12.825395584106445	-0.999999463558197	0.8928203582763672	0.8007290959358215	0.7596998065990325	18	0.15176647481101932	1	0.08853371858994825	3	1.0	-2.384186643666908e-07	2.7648533773572126e-07	-2.7150892378813296e-07	0.020625978708267212	0.9997872710227966	-2.4407071919085865e-07	-0.9997872710227966	0.020625978708267212
1.0000001192092896	10.825395584106445	-1.431159496307373	0.8737476468086243	0.880836009979248	0.5254470659564897	1	0.27958306440922537	0	0.19496986963428495	23	1.0	-2.384186643666908e-07	2.7648533773572126e-07	-2.7150892378813296e-07	0.020625976845622063	0.9997872710227966	-2.4407071919085865e-07	-0.9997872710227966	0.020625976845622063
1.0000005960464478	12.825395584106445	-1.4311590194702148	0.8754189014434814	0.8003712296485901	0.6998355198440054	18	0.21853656915629077	1	0.08162791099970379	3	1.0	-2.384186643666908e-07	2.7648533773572126e-07	-2.7150889536642353e-07	0.020625976845622063	0.9997872114181519	-2.4407071919085865e-07	-0.9997872114181519	0.020625976845622063
-1.5839956998825073	12.896380424499512	0.9999993443489075	0.07850511372089386	0.9145052433013916	0.6329152063446737	7	0.19640272646500226	1	0.17068206719032405	8	0.9556822180747986	-0.04714931920170784	0.2906002402305603	0.05044008046388626	0.9987197518348694	-0.00383940851315856	-0.29004713892936707	0.018327152356505394	0.9568368196487427
-0.9999999403953552	12.406746864318848	-1.0	0.058357492089271545	0.8339906334877014	0.732307903332631	16	0.16372166210883188	7	0.10397043455853715	1	0.9556822180747986	-0.04714931920170784	0.2906002402305603	0.05044008046388626	0.9987196922302246	-0.0038394087459892035	-0.29004716873168945	0.018327154219150543	0.9568368792533875
-0.8385685682296753	12.825395584106445	-1.4629662036895752	0.07512961328029633	0.8154351115226746	0.7462558138797143	16	0.18168918019757638	1	0.07205500592270926	13	0.9556822180747986	-0.04714931920170784	0.2906002402305603	0.05044008046388626	0.9987196922302246	-0.0038394080474972725	-0.29004716873168945	0.018327154219150543	0.9568368792533875
-0.9999999403953552	12.825395584106445	-1.0	0.9551029205322266	0.07250338792800903	0.6037562612051748	16	0.22252435960504213	1	0.17371937918978309	7	-0.5217901468276978	0.8334457874298096	-0.18194274604320526	-0.8303853869438171	-0.5450875163078308	-0.11549779772758484	-0.19543588161468506	0.09081698209047318	0.9765024781227112
-1.5839956998825073	12.896380424499512	0.9999993443489075	0.9420040845870972	0.15296369791030884	0.6329152063446737	7	0.19640272646500226	1	0.17068206719032405	8	-0.5217901468276978	0.8334457874298096	-0.18194274604320526	-0.8303854465484619	-0.5450875759124756	-0.11549781262874603	-0.19543591141700745	0.09081698209047318	0.976502537727356
-0.8385685682296753	12.825395584106445	-1.4629662036895752	0.9574454426765442	0.05373704805970192	0.7462558138797143	16	0.18168918019757638	1	0.07205500592270926	13	-0.5217901468276978	0.8334457874298096	-0.18194274604320526	-0.8303853869438171	-0.5450875759124756	-0.11549779027700424	-0.19543588161468506	0.09081698209047318	0.976502537727356
1.0000004768371582	12.825395584106445	-0.999999463558197	0.4559617340564728	0.8554142713546753	0.7596998065990325	18	0.15176647481101932	1	0.08853371858994825	3	0.0	-1.0	0.0	0.00026202929439023137	0.0	-1.0	1.0	0.0	0.00026202929439023137
-0.8385685682296753	12.825395584106445	-1.4629662036895752	0.474636435508728	0.7813943028450012	0.7462558138797143	16	0.18168918019757638	1	0.07205500592270926	13	0.0	-1.0	0.0	0.00026202929439023137	0.0	-0.9999999403953552	0.9999999403953552	0.0	0.00026202929439023137
1.027727484703064	12.825395584106445	-1.4677759408950806	0.4748304784297943	0.8565255403518677	0.8620194623802419	18	0.08860101832631209	3	0.04937951929344604	1	0.0	-1.0	0.0	0.00026202929439023137	0.0	-1.0	1.0	0.0	0.00026202929439023137
1.7214189767837524	12.508339881896973	1.0000008344650269	0.0	0.0	0.552409493576321	1	0.3360822616225182	3	0.11150824480116077	18	0.0	0.0	0.0	1.0	0.0	0.0	0.0	0.0	0.0
1.5843702554702759	12.896380424499512	1.0000008344650269	0.0	0.0	0.8660494316599332	3	0.13395056834006686	7	0.0	0	0.0	0.0	0.0	1.0	0.0	0.0	0.0	0.0	0.0
1.7214189767837524	12.508339881896973	1.0000008344650269	0.0	0.0	0.8894105488410166	3	0.11058945115898348	7	0.0	0	0.0	0.0	0.0	1.0	0.0	0.0	0.0	0.0	0.0
0.6280204653739929	16.567237854003906	0.6280213594436646	0.0	0.0	1.0	15	0.0	0	0.0	0	0.0	0.0	0.0	1.0	0.0	0.0	0.0	0.0	0.0
-0.628021240234375	16.567237854003906	0.6280207633972168	0.0	0.0	1.0	15	0.0	0	0.0	0	0.0	0.0	0.0	1.0	0.0	0.0	0.0	0.0	0.0
1.027727484703064	12.825395584106445	-1.4677759408950806	0.6513891220092773	0.7594420313835144	0.8620194623802419	18	0.08860101832631209	3	0.04937951929344604	1	0.9995893836021423	0.028654593974351883	2.6687089871302305e-07	2.424219758268009e-07	8.567024565309111e-07	-1.0	-0.028654595836997032	0.9995894432067871	8.494041594531154e-07
1.0000009536743164	13.792622566223145	-2.786036729812622	0.7046050429344177	0.7983964085578918	0.7499514936818561	14	0.1251273100748937	11	0.1249211962432502	12	0.9995893836021423	0.028654593974351883	2.6687089871302305e-07	2.424219758268009e-07	8.567023996874923e-07	-1.0	-0.028654593974351883	0.9995893836021423	8.494041026096966e-07
1.0000004768371582	13.792622566223145	-0.999999463558197	0.6325057744979858	0.7983964681625366	0.9879477056707501	18	0.012052294329249966	11	0.0	0	0.9995893836021423	0.028654593974351883	2.6687089871302305e-07	2.424219758268009e-07	8.567023996874923e-07	-1.0	-0.028654593974351883	0.9995893836021423	8.494041026096966e-07
-1.0000003576278687	13.792622566223145	0.9999996423721313	0.3227432072162628	0.9216853380203247	0.8047900054932909	7	0.12555084801376656	8	0.06965914649294251	1	0.0	0.0	0.0	1.0	0.0	0.0	0.0	0.0	0.0
-1.0000003576278687	12.825395584106445	0.9999996423721313	0.3014718294143677	0.9540833234786987	0.6353948720778512	7	0.1950312698874454	1	0.16957385803470343	2	0.0	0.0	0.0	1.0	0.0	0.0	0.0	0.0	0.0
-1.0000003576278687	13.792622566223145	0.9999996423721313	0.3227432072162628	0.9216853380203247	0.6083753316669251	2	0.32800230740829306	7	0.06362236092478181	3	0.0	0.0	0.0	1.0	0.0	0.0	0.0	0.0	0.0
1.0000004768371582	13.792622566223145	-0.999999463558197	0.854456901550293	0.5717175006866455	0.9879477056707501	18	0.012052294329249966	11	0.0	0	-0.7130952477455139	0.0	-0.7010671496391296	-0.6930332779884338	-0.15095609426498413	0.7049235701560974	-0.1058303564786911	0.9885404706001282	0.10764607042074203
1.8621453046798706	14.32402229309082	-1.8769359588623047	0.8158881664276123	0.5852131843566895	0.9419848006279521	18	0.032674305452998674	11	0.025340893919049246	3	-0.7130952477455139	0.0	-0.7010671496391296	-0.6930332779884338	-0.15095609426498413	0.7049235701560974	-0.1058303564786911	0.9885404706001282	0.10764607042074203
1.8621453046798706	14.228448867797852	-1.8769359588623047	0.8167345523834229	0.5814594030380249	0.9930766759650645	18	0.00692332403493541	3	0.0	0	-0.7130952477455139	0.0	-0.7010671496391296	-0.6930332779884338	-0.15095609426498413	0.7049235701560974	-0.1058303639292717	0.988540530204773	0.10764607787132263
-0.628021240234375	16.567237854003906	0.6280207633972168	0.0	0.0	0.9853642671795374	15	0.014635732820462597	7	0.0	0	0.0	0.0	0.0	1.0	0.0	0.0	0.0	0.0	0.0
0.8140099048614502	15.663543701171875	0.8140109777450562	0.0	0.0	0.5766518574725013	15	0.392978278896601	3	0.03036986363089778	18	0.0	0.0	0.0	1.0	0.0	0.0	0.0	0.0	0.0
0.8140108585357666	15.663543701171875	-0.8140100240707397	0.0	0.0	1.0	15	0.0	0	0.0	0	0.0	0.0	0.0	1.0	0.0	0.0	0.0	0.0	0.0
0.8140099048614502	15.663543701171875	0.8140109777450562	0.0	0.0	1.0	15	0.0	0	0.0	0	0.0	0.0	0.0	1.0	0.0	0.0	0.0	0.0	0.0
-0.7210160493850708	16.11539077758789	0.721015453338623	0.4977530539035797	0.9667306542396545	0.9468371126455214	15	0.05316288735447862	7	0.0	0	-0.97947096824646	0.20158518850803375	-2.463985993017559e-07	-0.2015797197818756	-0.9794443845748901	-0.007373215164989233	-0.001486572320573032	-0.007221800275146961	0.9999728202819824
-0.6280209422111511	16.567237854003906	-0.6280209422111511	0.47938498854637146	0.91233891248703	0.9882837939388259	15	0.01171620606117404	11	0.0	0	-0.97947096824646	0.20158518850803375	-2.463985993017559e-07	-0.2015797346830368	-0.9794444441795349	-0.00737321563065052	-0.0014865724369883537	-0.0072218007408082485	0.9999728798866272
-0.7210156917572021	16.11539077758789	-0.7210156917572021	0.4977530539035797	0.9087356925010681	0.9575816651467263	15	0.042418334853273745	11	0.0	0	-0.97947096824646	0.20158518850803375	-2.463985993017559e-07	-0.2015797346830368	-0.9794444441795349	-0.007373216096311808	-0.0014865725534036756	-0.007221801206469536	0.9999728798866272
0.8140108585357666	15.663543701171875	-0.8140100240707397	0.0	0.0	0.710808322025092	15	0.21480070901096776	11	0.07439096896394015	18	0.0	0.0	0.0	1.0	0.0	0.0	0.0	0.0	0.0
-0.8140104413032532	15.663543701171875	-0.814010500907898	0.0	0.0	1.0	15	0.0	0	0.0	0	0.0	0.0	0.0	1.0	0.0	0.0	0.0	0.0	0.0
-2.8261191844940186	6.718653202056885	1.341624140739441	0.29097774624824524	0.5145828723907471	0.7974071285789046	21	0.13660944585071477	22	0.06598342557038064	20	-0.9907642602920532	-0.13559576869010925	-2.3621657874173252e-07	0.00022982183145359159	-0.0016809925436973572	0.9999986290931702	-0.13559557497501373	0.9907628893852234	0.001696630148217082
-2.5562236309051514	4.746598243713379	-1.0000007152557373	0.19605717062950134	0.43549594283103943	0.9274851454643617	22	0.07251485453563827	21	0.0	0	-0.9907642602920532	-0.13559576869010925	-2.3621657874173252e-07	0.00022982180234976113	-0.0016809923108667135	0.9999985694885254	-0.13559557497501373	0.9907628297805786	0.0016966299153864384
-2.5562241077423096	4.746598243713379	0.999999463558197	0.27671337127685547	0.4356305003166199	0.9276432764076079	22	0.0723567235923921	21	0.0	0	-0.9907642602920532	-0.13559576869010925	-2.3621657874173252e-07	0.00022982180234976113	-0.0016809923108667135	0.9999985694885254	-0.13559557497501373	0.9907628297805786	0.0016966299153864384
-0.7327662706375122	9.254671096801758	1.3416246175765991	0.9723904728889465	0.29687386751174927	0.6177172499422348	20	0.2820074301318988	21	0.10027531992586645	0	0.0	1.0	0.0	1.0	0.0	-5.282412530505098e-06	-5.282412530505098e-06	0.0	-1.0
-0.4649391174316406	9.254671096801758	-1.3486732244491577	0.9832022190093994	0.40515491366386414	0.7218219533953889	20	0.18296824897482047	21	0.09520979762979064	0	0.0	1.0	0.0	1.0	0.0	-8.023011105251499e-06	-8.023011105251499e-06	0.0	-1.0
-0.7327656745910645	9.254671096801758	-1.3486732244491577	0.9723904728889465	0.4051550030708313	0.6672803893633319	20	0.20248564023364818	21	0.13023397040301993	0	0.0	1.0	0.0	1.0	0.0	-8.221171810873784e-06	-8.221171810873784e-06	0.0	-1.0
1.0	8.929315567016602	1.0	0.7888098359107971	0.662891149520874	0.5895202413435394	23	0.2787182078899219	24	0.13176155076653867	20	0.19663359224796295	7.592847239834555e-09	0.9804770350456238	0.0077690239995718	-0.9999685883522034	-0.0015580614563077688	0.9804463386535645	0.007923717610538006	-0.1966274380683899
0.6426905393600464	10.825395584106445	1.0716580152511597	0.7128936648368835	0.6491233110427856	0.5887254510559966	0	0.28144515031328576	1	0.12982939863071769	23	0.19663359224796295	7.592847239834555e-09	0.9804770350456238	0.0077690244652330875	-0.9999685883522034	-0.0015580615727230906	0.9804463386535645	0.00792371854186058	-0.1966274380683899
0.23887240886688232	8.929315567016602	1.1526433229446411	0.7892439961433411	0.6323022842407227	0.4072269924170589	23	0.40227071599166647	20	0.1905022915912746	24	0.19663359224796295	7.592847239834555e-09	0.9804770350456238	0.0077690244652330875	-0.9999686479568481	-0.0015580615727230906	0.9804462790489197	0.007923717610538006	-0.1966274231672287
1.0	8.929315567016602	-0.9999999403953552	0.8741415739059448	0.7977102994918823	0.7276214238612323	23	0.1570149271209758	24	0.11536364901779195	20	0.9011632204055786	-0.0802636668086052	-0.4259842038154602	0.39937976002693176	-0.228315070271492	0.8879008889198303	-0.1685248166322708	-0.9702731966972351	-0.1736934632062912
1.0000001192092896	10.825395584106445	-1.3572578430175781	0.8403053879737854	0.7277835607528687	0.5330679163635307	0	0.2360269034169224	1	0.23090518021954695	23	0.9011632204055786	-0.0802636668086052	-0.4259842038154602	0.39937978982925415	-0.228315070271492	0.8879009485244751	-0.16852480173110962	-0.9702731370925903	-0.17369344830513
1.4150350093841553	10.85692024230957	-0.48519760370254517	0.8741415739059448	0.7178707122802734	0.5936246975751492	1	0.22495270581996657	23	0.1814225966048842	0	0.9011632204055786	-0.0802636668086052	-0.4259842038154602	0.39937978982925415	-0.228315070271492	0.8879009485244751	-0.16852480173110962	-0.9702731370925903	-0.17369344830513
-2.8261184692382812	6.718653202056885	-1.348673701286316	0.9891551733016968	0.8791691660881042	0.7957828407404892	21	0.13650948043985303	22	0.06770767881965782	20	0.0	-1.0	0.0	-0.00025885511422529817	0.0	1.0	-1.0	0.0	-0.00025885511422529817
-0.7327655553817749	6.718653202056885	-1.6861217021942139	0.9755434989929199	0.7949007749557495	0.6952755126858345	21	0.1691855124315663	22	0.13553897488259914	20	0.0	-1.0	0.0	-0.00025885511422529817	0.0	1.0	-1.0	0.0	-0.00025885511422529817
-0.7327656745910645	6.718653202056885	-1.3486732244491577	0.9891551733016968	0.7948972582817078	0.7029483456458965	21	0.1832375313208551	22	0.11381412303324843	20	0.0	-1.0	0.0	-0.00025885511422529817	0.0	0.9999999403953552	-0.9999999403953552	0.0	-0.00025885511422529817
-2.8261191844940186	9.254671096801758	1.341624140739441	0.964252769947052	0.9651098847389221	0.5010600944184416	21	0.4989399055815585	20	0.0	0	0.0	1.0	0.0	7.159399956435664e-06	0.0	-1.0	-1.0	0.0	-7.159399956435664e-06
-0.7327665090560913	9.254671096801758	1.7614803314208984	0.9473076462745667	0.880836009979248	0.48836245979055726	21	0.4448596273020664	20	0.06677791290737634	0	0.0	1.0	0.0	7.1594004111830145e-06	0.0	-1.0	-1.0	0.0	-7.1594004111830145e-06
-0.7327662706375122	9.254671096801758	1.3416246175765991	0.964252769947052	0.8808361291885376	0.6177172499422348	20	0.2820074301318988	21	0.10027531992586645	0	0.0	1.0	0.0	7.159399956435664e-06	0.0	-1.0	-1.0	0.0	-7.159399956435664e-06
1.0	8.929315567016602	-0.9999999403953552	0.6345703601837158	0.7269958853721619	0.7276214238612323	23	0.1570149271209758	24	0.11536364901779195	20	-0.18454164266586304	-0.9828246831893921	-4.088595417783836e-08	-0.9828004240989685	0.18453708291053772	-0.007026254199445248	0.006905583199113607	-0.0012965963687747717	-0.9999752640724182
-0.7327662706375122	9.254671096801758	1.3416246175765991	0.704604983329773	0.6323022842407227	0.6177172499422348	20	0.2820074301318988	21	0.10027531992586645	0	-0.18454164266586304	-0.9828246831893921	-4.088595417783836e-08	-0.9828004837036133	0.18453708291053772	-0.007026254199445248	0.006905583199113607	-0.0012965963687747717	-0.999975323677063
-0.7327656745910645	9.254671096801758	-1.3486732244491577	0.704604983329773	0.7405234575271606	0.6672803893633319	20	0.20248564023364818	21	0.13023397040301993	0	-0.18454164266586304	-0.9828246831893921	-4.088595417783836e-08	-0.9828004240989685	0.18453708291053772	-0.00702625373378396	0.00690558273345232	-0.0012965962523594499	-0.9999752640724182
2.7602572441101074	6.885983467102051	-1.238739013671875	0.10502918809652328	0.5198768377304077	0.7706169892659681	24	0.16688901714294432	25	0.06249399359108756	23	0.9958235621452332	-0.09129926562309265	0.0	8.442834769084584e-06	9.208807750837877e-05	-1.0	0.09129926562309265	0.9958235621452332	9.247429989045486e-05
2.569149971008301	4.801529407501221	1.0	0.01467977650463581	0.43622660636901855	0.9416883424629695	25	0.05831165753703051	24	0.0	0	0.9958235621452332	-0.09129926562309265	0.0	8.442835678579286e-06	9.208808478433639e-05	-1.0	0.09129926562309265	0.9958235621452332	9.247430716641247e-05
2.569149971008301	4.801529407501221	-0.9999999403953552	0.095416359603405	0.4362192153930664	0.9426392402056274	25	0.05736075979437263	24	0.0	0	0.9958235621452332	-0.09129926562309265	0.0	8.442835678579286e-06	9.208808478433639e-05	-1.0	0.09129926562309265	0.9958235621452332	9.247430716641247e-05
2.9133505821228027	12.825395584106445	-0.9999983906745911	0.8094666004180908	0.24147532880306244	0.7243066550835157	3	0.15237161720532363	4	0.12332172771116068	18	0.0	-1.0	0.0	-0.9999999403953552	0.0	0.0002611761447042227	-0.0002611761447042227	0.0	-0.9999999403953552
4.895453929901123	12.825395584106445	1.0000026226043701	0.7294537425041199	0.161001518368721	0.814194674554129	4	0.185805325445871	3	0.0	0	0.0	-1.0	0.0	-1.0	0.0	0.0002611761447042227	-0.0002611761447042227	0.0	-1.0
2.9133496284484863	12.825395584106445	1.0000016689300537	0.8094666004180908	0.1610223799943924	0.7994933741878677	3	0.20050662581213224	4	0.0	0	0.0	-1.0	0.0	-1.0	0.0	0.0002611761447042227	-0.0002611761447042227	0.0	-1.0
0.9999993443489075	14.759849548339844	1.0000005960464478	0.7244018912315369	0.628982663154602	0.8288318489202633	3	0.10794221387383282	15	0.06322593720590386	18	-0.5075060725212097	0.8571950793266296	0.08748871088027954	-0.8428534269332886	-0.5149619579315186	0.15624456107616425	0.17898543179035187	0.005554900038987398	0.9838361144065857
1.2075506448745728	15.064716339111328	-0.7830497026443481	0.7039658427238464	0.5599359273910522	0.547962160570535	18	0.23849135660692874	3	0.21354648282253627	11	-0.5075060725212097	0.8571950793266296	0.08748871088027954	-0.8428533673286438	-0.5149619579315186	0.15624454617500305	0.17898541688919067	0.005554892122745514	0.9838360548019409
0.5924844145774841	14.759849548339844	-1.3639190196990967	0.7244018912315369	0.5324336886405945	0.6878549535778845	11	0.22992110814016678	18	0.08222393828194868	15	-0.5075060725212097	0.8571950793266296	0.08748871088027954	-0.8428534269332886	-0.5149619579315186	0.15624453127384186	0.17898540198802948	0.005554885137826204	0.9838361144065857
2.9133496284484863	12.825395584106445	1.0000016689300537	0.0	0.0	0.8634873945917919	3	0.06903327072282524	1	0.06747933468538289	2	0.0	0.0	0.0	1.0	0.0	0.0	0.0	0.0	0.0
2.9133496284484863	12.825395584106445	1.0000016689300537	0.0	0.0	0.7994933741878677	3	0.20050662581213224	4	0.0	0	0.0	0.0	0.0	1.0	0.0	0.0	0.0	0.0	0.0
2.9133496284484863	12.825395584106445	1.0000016689300537	0.0	0.0	0.9820477458182676	3	0.00971963238050629	1	0.008232621801226138	2	0.0	0.0	0.0	1.0	0.0	0.0	0.0	0.0	0.0
2.9133505821228027	12.825395584106445	-0.9999983906745911	0.0	0.0	0.7243066550835157	3	0.15237161720532363	4	0.12332172771116068	18	0.0	0.0	0.0	1.0	0.0	0.0	0.0	0.0	0.0
2.9133496284484863	12.825395584106445	1.0000016689300537	0.0	0.0	0.8492244333816459	3	0.09381353911912106	18	0.05696202749923307	1	0.0	0.0	0.0	1.0	0.0	0.0	0.0	0.0	0.0
2.9133505821228027	12.825395584106445	-0.9999983906745911	0.0	0.0	0.7134365490091671	3	0.25728326616558017	18	0.02928018482525272	1	0.0	0.0	0.0	1.0	0.0	0.0	0.0	0.0	0.0
-2.5845425128936768	13.792622566223145	-1.0000003576278687	0.018693523481488228	0.2198946475982666	0.6482428529837817	7	0.3484304795748234	16	0.0033266674413949034	8	2.624237254167383e-07	0.0	-1.0	-0.9924584627151489	0.12258177250623703	-2.60444636523971e-07	0.12258177250623703	0.9924584627151489	3.216836574893023e-08
-4.401593208312988	12.825395584106445	-1.0000008344650269	0.08670613914728165	0.17228370904922485	0.8606560957965284	8	0.07837436986311719	10	0.060969534340354466	9	2.624237254167383e-07	0.0	-1.0	-0.9924584627151489	0.12258179485797882	-2.60444636523971e-07	0.12258179485797882	0.9924584627151489	3.2168372854357585e-08
-4.401593208312988	13.792622566223145	-1.0000008344650269	0.09149134159088135	0.21092787384986877	0.9221956028780328	8	0.05121715846961675	9	0.02658723865235048	7	2.624237254167383e-07	0.0	-1.0	-0.9924584031105042	0.12258176505565643	-2.60444636523971e-07	0.12258176505565643	0.9924584031105042	3.216836219621655e-08
-1.0000003576278687	14.759849548339844	0.9999996423721313	0.9116754531860352	0.07746688276529312	0.7395527530668798	7	0.16666525367805396	15	0.09378199325506623	16	1.0	0.0	3.173421987412439e-07	-3.173421987412439e-07	-9.23609477467835e-05	1.0	2.931002662798221e-11	-1.0	-9.23609477467835e-05
-1.0000005960464478	13.792622566223145	1.7512977123260498	0.9420040845870972	0.1163862943649292	0.70848512154773	7	0.21298919110056325	8	0.07852568735170677	1	1.0	0.0	3.173421987412439e-07	-3.173421987412439e-07	-9.239486826118082e-05	1.0	2.932079232187412e-11	-1.0	-9.239486826118082e-05
-1.0000003576278687	13.792622566223145	0.9999996423721313	0.9116754531860352	0.11638908833265305	0.8047900054932909	7	0.12555084801376656	8	0.06965914649294251	1	1.0	0.0	3.173421987412439e-07	-3.173421987412439e-07	-9.238060738425702e-05	1.0	2.9316264693601823e-11	-1.0	-9.238060738425702e-05
-2.004664421081543	14.4058837890625	-1.7712383270263672	0.0838598757982254	0.08535423874855042	0.9988871501308061	16	0.0011128498691939607	7	0.0	0	0.20696742832660675	0.9388251304626465	-0.2752666771411896	0.5330726504325867	-0.34413978457450867	-0.7729175090789795	-0.8203646540641785	0.013231607154011726	-0.5716877579689026
-10.546310424804688	14.759849548339844	-6.986292839050293	0.06555243581533432	0.4411333203315735	1.0	17	0.0	0	0.0	0	0.20696742832660675	0.9388251304626465	-0.2752666771411896	0.5330726504325867	-0.34413978457450867	-0.7729174494743347	-0.8203645944595337	0.013231605291366577	-0.5716878175735474
-2.5845425128936768	14.759849548339844	-1.0000003576278687	0.049409251660108566	0.08676006644964218	0.8678196821755845	16	0.13053225779404443	7	0.0016480600303711388	8	0.20696742832660675	0.9388251304626465	-0.2752666771411896	0.5330726504325867	-0.34413978457450867	-0.7729174494743347	-0.8203645944595337	0.013231605291366577	-0.5716878175735474
-2.5845425128936768	14.759849548339844	-1.0000003576278687	0.9892722368240356	0.714462161064148	0.8678196821755845	16	0.13053225779404443	7	0.0016480600303711388	8	-0.8829315900802612	0.46950164437294006	-1.3308773816333996e-07	-0.46941229701042175	-0.8827636241912842	-0.01950809732079506	-0.009159200824797153	-0.017224252223968506	0.999809741973877
-2.418846607208252	15.071453094482422	0.7908585667610168	0.9764518141746521	0.7862091660499573	0.7788693795315957	7	0.15397445181432956	16	0.0671561686540747	8	-0.8829315900802612	0.46950164437294006	-1.3308773816333996e-07	-0.46941229701042175	-0.8827635645866394	-0.01950809918344021	-0.009159201756119728	-0.017224254086613655	0.9998096823692322
-2.418846368789673	15.071453094482422	-0.790859580039978	0.9764518737792969	0.7225963473320007	0.8353329258863992	16	0.16466707411360082	7	0.0	0	-0.8829315900802612	0.46950164437294006	-1.3308773816333996e-07	-0.46941232681274414	-0.8827636241912842	-0.019508101046085358	-0.009159202687442303	-0.017224255949258804	0.999809741973877
-4.401593208312988	13.792622566223145	0.9999988675117493	0.2572433650493622	0.0475776232779026	0.8907563804968192	8	0.059918322000879	7	0.049325297502301815	9	-0.2747274339199066	0.0	0.9615222215652466	-0.9573609232902527	0.09293423593044281	-0.2735384702682495	-0.08935832232236862	-0.9956722259521484	-0.025531580671668053
-6.559155464172363	14.163591384887695	0.3835371732711792	0.34604865312576294	0.04116062447428703	0.9028582687326104	9	0.09714173126738954	8	0.0	0	-0.2747274339199066	0.0	0.9615222215652466	-0.9573608636856079	0.092934250831604	-0.2735384702682495	-0.08935834467411041	-0.9956722855567932	-0.02553158812224865
-6.559155464172363	13.792622566223145	0.3835371732711792	0.3441990911960602	0.055898141115903854	0.9275595592079622	9	0.07244044079203786	8	0.0	0	-0.2747274339199066	0.0	0.9615222215652466	-0.9573608636856079	0.09293424338102341	-0.2735384702682495	-0.08935833722352982	-0.9956722855567932	-0.0255315862596035
-2.5845425128936768	14.759849548339844	-1.0000003576278687	0.2603853642940521	0.6745831966400146	0.8678196821755845	16	0.13053225779404443	7	0.0016480600303711388	8	0.0	1.0	0.0	-7.641294359927997e-06	0.0	1.0	1.0	0.0	7.641294359927997e-06
-4.401593208312988	14.759849548339844	0.9999988675117493	0.3411042094230652	0.6014333963394165	0.8854763655258304	8	0.07339137348122873	7	0.041132260992940865	9	0.0	1.0	0.0	-7.641294359927997e-06	0.0	1.0	1.0	0.0	7.641294359927997e-06
-2.584542989730835	14.759849548339844	0.9999992847442627	0.3411042094230652	0.6745837926864624	0.8065078953560134	7	0.10688346135582616	8	0.08660864328816047	16	0.0	1.0	0.0	-7.641294359927997e-06	0.0	1.0	1.0	0.0	7.641294359927997e-06
-2.584542989730835	14.759849548339844	0.9999992847442627	0.18929347395896912	0.0	0.8065078953560134	7	0.10688346135582616	8	0.08660864328816047	16	-2.296207952667828e-07	0.0	1.0	-0.9920578002929688	0.12578295171260834	-2.2779710207032622e-07	-0.12578295171260834	-0.9920578002929688	-2.888238093134987e-08
-4.401593208312988	13.792622566223145	0.9999988675117493	0.2572433650493622	0.0475776232779026	0.8907563804968192	8	0.059918322000879	7	0.049325297502301815	9	-2.296207952667828e-07	0.0	1.0	-0.9920578598976135	0.12578295171260834	-2.2779711628118093e-07	-0.12578295171260834	-0.9920578598976135	-2.888238093134987e-08
-2.584542989730835	13.792622566223145	0.9999992847442627	0.18447113037109375	0.03842514380812645	0.8382048670725086	7	0.12966125547128363	8	0.032133877456207716	16	-2.296207952667828e-07	0.0	1.0	-0.9920578598976135	0.12578296661376953	-2.2779711628118093e-07	-0.12578296661376953	-0.9920578598976135	-2.888238448406355e-08
-2.584542989730835	12.825395584106445	0.9999992847442627	0.7319518327713013	0.2591012120246887	0.7204407790805285	7	0.16998822014703985	8	0.10957100077243165	16	0.0	-1.0	0.0	-0.9999999403953552	-2.2737367544323206e-13	0.000261264038272202	-0.000261264038272202	0.0	-1.0
-4.401593208312988	12.825395584106445	-1.0000008344650269	0.8053018450737	0.3395732641220093	0.8606560957965284	8	0.07837436986311719	10	0.060969534340354466	9	0.0	-1.0	0.0	-1.0	-2.2737370254828637e-13	0.000261264038272202	-0.00026126400916837156	0.0	-0.9999999403953552
-2.236579179763794	12.825395584106445	-1.1693631410598755	0.7179053425788879	0.346363365650177	0.7011158772613347	16	0.22351153936470333	7	0.07537258337396191	8	0.0	-1.0	0.0	-1.0	-2.2737367544323206e-13	0.000261264038272202	-0.00026126400916837156	0.0	-0.9999999403953552
4.895453929901123	13.792622566223145	1.0000026226043701	0.0	0.0	0.8652978028769766	4	0.13470219712302345	3	0.0	0	0.0	0.0	0.0	1.0	0.0	0.0	0.0	0.0	0.0
4.895453929901123	12.825395584106445	1.0000026226043701	0.0	0.0	1.0	4	0.0	0	0.0	0	0.0	0.0	0.0	1.0	0.0	0.0	0.0	0.0	0.0
4.895453929901123	13.792622566223145	1.0000026226043701	0.0	0.0	1.0	4	0.0	0	0.0	0	0.0	0.0	0.0	1.0	0.0	0.0	0.0	0.0	0.0
2.9133496284484863	12.825395584106445	1.0000016689300537	0.5452666282653809	0.8167577385902405	0.7994933741878677	3	0.20050662581213224	4	0.0	0	-4.811423650608049e-07	0.0	1.0	-0.0009383819415234029	0.9999995827674866	-4.5149531335830773e-10	-0.9999995827674866	-0.0009383819415234029	-4.811421376871294e-07
4.895453929901123	13.792622566223145	1.0000026226043701	0.5840981006622314	0.7369292974472046	0.8652978028769766	4	0.13470219712302345	3	0.0	0	-4.811423650608049e-07	0.0	1.0	-0.0009383819415234029	0.9999995827674866	-4.5149531335830773e-10	-0.9999995827674866	-0.0009383819415234029	-4.811421376871294e-07
2.9133496284484863	13.792622566223145	1.0000016689300537	0.5840981006622314	0.8167212009429932	0.847397552367368	3	0.15260244763263192	4	0.0	0	-4.811423650608049e-07	0.0	1.0	-0.0009383819997310638	0.9999996423721313	-4.5149534111388334e-10	-0.9999996423721313	-0.0009383819997310638	-4.811421945305483e-07
2.9133496284484863	14.759849548339844	1.0000016689300537	0.7294543385505676	0.08050401508808136	0.842261459725006	3	0.157738540274994	4	0.0	0	0.0	1.0	0.0	1.0	0.0	4.669616373575991e-07	4.669616373575991e-07	0.0	-1.0
4.8954548835754395	14.759849548339844	-0.9999974370002747	0.8094683289527893	0.161001518368721	0.8686163383209543	4	0.1313836616790457	3	0.0	0	0.0	1.0	0.0	1.0	0.0	4.6696160893588967e-07	4.6696160893588967e-07	0.0	-1.0
2.9133505821228027	14.759849548339844	-0.9999983906745911	0.7294537425041199	0.161001518368721	0.8783513791511035	3	0.1216486208488965	4	0.0	0	0.0	1.0	0.0	1.0	0.0	4.6696160893588967e-07	4.6696160893588967e-07	0.0	-1.0
2.9133505821228027	14.759849548339844	-0.9999983906745911	0.2577383816242218	0.6930676102638245	0.8783513791511035	3	0.1216486208488965	4	0.0	0	4.811423650608049e-07	0.0	-1.0	-2.2961326976655982e-05	1.0	-1.1047667121399929e-11	1.0	2.2961326976655982e-05	4.811423650608049e-07
4.8954548835754395	13.792622566223145	-0.9999974370002747	0.2186935991048813	0.772861123085022	0.8880415749005455	4	0.11195842509945449	3	0.0	0	4.811423650608049e-07	0.0	-1.0	-2.2961328795645386e-05	1.0	-1.1047667988761667e-11	1.0	2.2961328795645386e-05	4.811423650608049e-07
2.9133505821228027	13.792622566223145	-0.9999983906745911	0.2186935842037201	0.6930667161941528	0.9034253308367934	3	0.09657466916320656	4	0.0	0	4.811423650608049e-07	0.0	-1.0	-2.2961326976655982e-05	1.0	-1.1047667121399929e-11	1.0	2.2961326976655982e-05	4.811423650608049e-07
4.895453929901123	14.759849548339844	1.0000026226043701	0.7179053425788879	0.5200513601303101	0.9237860005791283	4	0.0762139994208717	5	0.0	0	0.27402839064598083	0.9617215991020203	1.3966948131383106e-07	4.793042194251029e-07	8.65793481352739e-09	-1.0	-0.9617215991020203	0.27402839064598083	-4.585846795635007e-07
6.947551727294922	14.175134658813477	-0.3954698443412781	0.7747250199317932	0.43743014335632324	0.5780319281825312	5	0.4219680718174688	4	0.0	0	0.27402839064598083	0.9617215991020203	1.3966948131383106e-07	4.793042194251029e-07	8.657920602672675e-09	-1.0	-0.9617215991020203	0.27402839064598083	-4.585847079852101e-07
4.8954548835754395	14.759849548339844	-0.9999974370002747	0.7986242771148682	0.5200513601303101	0.9290217926652369	4	0.0709782073347631	5	0.0	0	0.27402839064598083	0.9617215991020203	1.3966948131383106e-07	4.793042194251029e-07	8.65793481352739e-09	-1.0	-0.9617215991020203	0.27402839064598083	-4.585846795635007e-07
4.8954548835754395	14.759849548339844	-0.9999974370002747	0.0	0.0	0.8686163383209543	4	0.1313836616790457	3	0.0	0	0.0	0.0	0.0	1.0	0.0	0.0	0.0	0.0	0.0
4.895453929901123	14.759849548339844	1.0000026226043701	0.0	0.0	1.0	4	0.0	0	0.0	0	0.0	0.0	0.0	1.0	0.0	0.0	0.0	0.0	0.0
4.8954548835754395	14.759849548339844	-0.9999974370002747	0.0	0.0	1.0	4	0.0	0	0.0	0	0.0	0.0	0.0	1.0	0.0	0.0	0.0	0.0	0.0
4.8954548835754395	13.792622566223145	-0.9999974370002747	0.0	0.0	0.8880415749005455	4	0.11195842509945449	3	0.0	0	0.0	0.0	0.0	1.0	0.0	0.0	0.0	0.0	0.0
4.8954548835754395	13.792622566223145	-0.9999974370002747	0.0	0.0	1.0	4	0.0	0	0.0	0	0.0	0.0	0.0	1.0	0.0	0.0	0.0	0.0	0.0
4.895453929901123	12.825395584106445	1.0000026226043701	0.0	0.0	0.814194674554129	4	0.185805325445871	3	0.0	0	0.0	0.0	0.0	1.0	0.0	0.0	0.0	0.0	0.0
4.8954548835754395	12.825395584106445	-0.9999974370002747	0.0	0.0	1.0	4	0.0	0	0.0	0	0.0	0.0	0.0	1.0	0.0	0.0	0.0	0.0	0.0
0.6426905393600464	10.825395584106445	1.0716580152511597	0.22142799198627472	0.9923755526542664	0.5887254510559966	0	0.28144515031328576	1	0.12982939863071769	23	0.978064239025116	-0.20830345153808594	6.084585493226768e-07	6.17359546595253e-07	-2.2281483325059526e-08	-1.0	0.20830345153808594	0.978064239025116	1.068054089614634e-07
0.23887234926223755	8.929315567016602	1.2484545707702637	0.2143501341342926	0.9165445566177368	0.4233245967906242	20	0.38591439595733057	23	0.19076100725204528	21	0.978064239025116	-0.20830345153808594	6.084585493226768e-07	6.17359546595253e-07	-2.2281483325059526e-08	-1.0	0.20830345153808594	0.978064239025116	1.068054089614634e-07
0.23887240886688232	8.929315567016602	1.1526433229446411	0.2182178795337677	0.9165445566177368	0.4072269924170589	23	0.40227071599166647	20	0.1905022915912746	24	0.978064239025116	-0.20830345153808594	6.084585493226768e-07	6.17359546595253e-07	-2.2281483325059526e-08	-1.0	0.20830345153808594	0.978064239025116	1.068054089614634e-07
-0.7327662706375122	9.254671096801758	1.3416246175765991	0.6321412920951843	0.7368927001953125	0.6177172499422348	20	0.2820074301318988	21	0.10027531992586645	0	2.157675851321983e-07	0.5022655129432678	-0.8647134304046631	0.15689478814601898	0.8540042638778687	0.49604520201683044	0.9876153469085693	-0.13566914200782776	-0.07880265265703201
0.23887240886688232	8.929315567016602	1.1526433229446411	0.626469612121582	0.7777091860771179	0.4072269924170589	23	0.40227071599166647	20	0.1905022915912746	24	2.157675851321983e-07	0.5022655129432678	-0.8647134304046631	0.15689478814601898	0.8540042042732239	0.49604517221450806	0.9876154065132141	-0.13566915690898895	-0.07880266010761261
-0.23887252807617188	8.929315567016602	1.1526432037353516	0.6229295134544373	0.7588031888008118	0.5297040052918968	20	0.24222641749281304	21	0.22806957721529014	23	2.157675851321983e-07	0.5022655129432678	-0.8647134304046631	0.15689478814601898	0.8540042638778687	0.49604517221450806	0.9876153469085693	-0.13566914200782776	-0.07880265265703201
1.4570097923278809	10.975768089294434	0.48519766330718994	0.9018048644065857	0.2591012120246887	0.6347757534387501	1	0.1891275836295872	23	0.1760966629316627	0	-2.303463730868316e-08	0.9686646461486816	0.24837230145931244	-0.040231142193078995	0.24817124009132385	-0.9678804874420166	-0.9991904497146606	-0.009992323815822601	0.038970477879047394
-0.6426905989646912	10.825395584106445	1.0716578960418701	0.8818333148956299	0.3445368707180023	0.6958377652791722	0	0.1529809778663071	1	0.15118125685452075	20	-2.303463730868316e-08	0.9686646461486816	0.24837230145931244	-0.040231142193078995	0.24817124009132385	-0.9678804874420166	-0.9991904497146606	-0.009992323815822601	0.038970477879047394
0.6426905393600464	10.825395584106445	1.0716580152511597	0.879660964012146	0.29283565282821655	0.5887254510559966	0	0.28144515031328576	1	0.12982939863071769	23	-2.303463730868316e-08	0.9686646461486816	0.24837230145931244	-0.0402311347424984	0.24817121028900146	-0.967880368232727	-0.9991904497146606	-0.009992322884500027	0.038970474153757095
-0.7327662706375122	9.254671096801758	1.3416246175765991	0.3298356831073761	0.7582781910896301	0.6177172499422348	20	0.2820074301318988	21	0.10027531992586645	0	-0.503940999507904	0.17429935932159424	0.8459688425064087	-0.11693262308835983	-0.9841779470443726	0.1331189125776291	0.8557863235473633	-0.03183726966381073	0.5163488388061523
-0.6426905989646912	10.825395584106445	1.0716578960418701	0.26565468311309814	0.7543693780899048	0.6958377652791722	0	0.1529809778663071	1	0.15118125685452075	20	-0.503940999507904	0.17429935932159424	0.8459688425064087	-0.11693260073661804	-0.9841778874397278	0.1331188976764679	0.8557862639427185	-0.031837258487939835	0.5163488388061523
-1.370354413986206	10.994759559631348	0.6032958626747131	0.26038533449172974	0.7240940928459167	0.6052729089473018	0	0.20871498120018958	20	0.18601210985250857	1	-0.503940999507904	0.17429935932159424	0.8459688425064087	-0.11693260818719864	-0.9841778874397278	0.1331188976764679	0.8557862639427185	-0.03183726593852043	0.5163488388061523
