474	524	10
-0.4508671164512634	-1.0	0.9999998807907104	0.31864166259765625	0.5629338026046753	0.3333333333333333	6	0.3333333333333333	5	0.3333333333333333	0	0.0	-0.7071067690849304	0.7071067690849304	1.0	3.059129838334229e-08	3.059535558236348e-08	-4.326550140376639e-08	0.7071067690849304	0.7071067690849304
-1.0	-1.0	0.5660725235939026	0.2500000596046448	0.5103505849838257	0.5	6	0.5	5	0.0	0	-0.7071067690849304	-0.7071067690849304	0.0	0.7071536183357239	-0.707059919834137	1.6125152058066305e-07	-1.1402205757349293e-07	1.1402205757349293e-07	1.0
-0.45086705684661865	-1.0	0.5660725831985474	0.31864166259765625	0.5103505849838257	0.3333333333333333	6	0.3333333333333333	5	0.3333333333333333	0	0.0	-1.0	0.0	1.0	0.0	1.0734034106008039e-07	-1.0734034106008039e-07	0.0	1.0
-0.45086735486984253	1.0	0.5660727024078369	0.06864164769649506	0.052583206444978714	0.3333333333333333	6	0.3333333333333333	5	0.3333333333333333	0	0.0	1.0	0.0	1.0	0.0	4.829514068660501e-07	4.829514068660501e-07	0.0	-1.0
-1.0000003576278687	1.0	0.9999996423721313	5.960463766996327e-08	0.0	0.5	6	0.5	5	0.0	0	-0.5773502588272095	0.5773502588272095	0.5773502588272095	0.8164981007575989	0.4082464277744293	0.40824705362319946	3.576285507733701e-07	0.7071070075035095	-0.7071066498756409
-0.45086750388145447	1.0	0.9999998807907104	0.06864165514707565	0.0	0.3333333333333333	6	0.3333333333333333	5	0.3333333333333333	0	0.0	0.7071067690849304	0.7071067690849304	1.0	-2.4939862441897276e-07	2.494316788670403e-07	3.527262890656857e-07	0.7071067690849304	-0.7071067690849304
0.9999995827674866	1.0	0.5660732984542847	1.0	0.5103505849838257	1.0	2	0.0	0	0.0	0	0.7071067690849304	0.7071067690849304	0.0	-0.7070598602294922	0.7071536779403687	3.5773501849689637e-07	2.529569087528216e-07	-2.529569087528216e-07	1.0
0.999999463558197	0.5431502461433411	1.0000004768371582	0.9428938031196594	0.5629338026046753	1.0	2	0.0	0	0.0	0	0.7071067690849304	0.0	0.7071067690849304	2.3712233598871535e-07	1.0	-2.3718224895219464e-07	-0.7071067690849304	3.3538398724886065e-07	0.7071067690849304
0.9999996423721313	0.5431502461433411	0.5660731792449951	0.9428938031196594	0.5103505849838257	1.0	2	0.0	0	0.0	0	0.9045395851135254	0.3015030324459076	0.3015030324459076	-0.28601163625717163	0.9534720182418823	-0.09533388912677765	-0.31621816754341125	-9.686097968142349e-08	0.9486865401268005
-0.45086750388145447	1.0	0.9999998807907104	0.18135838210582733	0.5629338026046753	0.3333333333333333	6	0.3333333333333333	5	0.3333333333333333	0	0.0	0.7071067690849304	0.7071067690849304	-1.0	2.3980211949492514e-07	-2.3983389496606833e-07	-3.3915384278770944e-07	-0.7071067690849304	0.7071067690849304
-1.0000003576278687	0.5431502461433411	0.9999997019767761	0.2499999850988388	0.6182947754859924	0.5	6	0.5	5	0.0	0	-0.7071067690849304	0.0	0.7071067690849304	-0.7071536779403687	0.0	-0.7070598602294922	0.0	-1.0	0.0
-0.4508674442768097	0.5431502461433411	0.9999999403953552	0.18135836720466614	0.6182947754859924	0.3333333333333333	6	0.3333333333333333	5	0.3333333333333333	0	-0.3015030324459076	0.3015030324459076	0.9045395851135254	-0.9534720182418823	-0.09533387422561646	-0.286011666059494	-1.1921351017463166e-07	-0.9486865401268005	0.31621816754341125
-0.9999999403953552	0.5431502461433411	-0.4508160948753357	0.5571063160896301	0.38712427020072937	0.5	6	0.5	5	0.0	0	-0.8320549726486206	0.5546931624412537	0.0	-0.5546546578407288	-0.8320806622505188	-1.277252721365585e-07	-7.084833697490467e-08	-1.0627444879673931e-07	1.0
-0.9999999403953552	1.0	-1.0	0.5000000596046448	0.3205742835998535	0.5	8	0.5	5	0.0	0	-0.5773502588272095	0.5773502588272095	-0.5773502588272095	-0.4082464873790741	-0.8164980411529541	-0.4082469940185547	-0.70710688829422	-2.831225742738752e-07	0.7071066498756409
-0.9999998807907104	0.5431502461433411	-1.0000001192092896	0.5571063160896301	0.3205742835998535	0.5	8	0.5	5	0.0	0	-0.8832975625991821	0.12186466157436371	-0.45269688963890076	-0.10844358056783676	-0.9925477504730225	-0.05557794123888016	-0.45609626173973083	2.12348936656781e-07	0.8899304866790771
-0.45086678862571716	-1.0	-1.000000238418579	0.5644044876098633	0.9446462392807007	0.5	8	0.5	5	0.0	0	-0.11307472735643387	-0.8863776922225952	-0.44894179701805115	0.8470886945724487	0.150135800242424	-0.5098039507865906	0.5192810297012329	-0.4379394054412842	0.733863890171051
-0.9999997019767761	-0.4399011731147766	-1.000000238418579	0.4957629144191742	0.8767735958099365	0.5	8	0.5	5	0.0	0	-0.8892319202423096	-0.11224886029958725	-0.4434714913368225	0.45293527841567993	-0.07976485043764114	-0.8879680037498474	0.06429996341466904	-0.9904733300209045	0.12177091836929321
-0.45086678862571716	-0.4399011731147766	-1.5814125537872314	0.5644044876098633	0.8767735958099365	1.0	8	0.0	0	0.0	0	-0.6121861338615417	-0.6080355644226074	-0.505490779876709	0.6551960706710815	-0.032183121889829636	-0.7547731399536133	0.4426605701446533	-0.7932571768760681	0.4180845320224762
-0.4508669376373291	1.0	-0.9999998807907104	0.5613284111022949	0.7915620803833008	0.5	8	0.5	5	0.0	0	-0.11270582675933838	0.9092457890510559	-0.40071144700050354	0.0714714303612709	0.40966469049453735	0.909432053565979	0.9910545945167542	0.07385887205600739	-0.11115668714046478
-0.9999998807907104	0.5431502461433411	-1.0000001192092896	0.5042222142219543	0.7250182628631592	0.5	8	0.5	5	0.0	0	-0.8832975625991821	0.12186466157436371	-0.45269688963890076	-0.16072840988636017	0.8283663988113403	0.5366335511207581	0.4403955340385437	0.546768307685852	-0.7121068835258484
-0.9999999403953552	1.0	-1.0	0.5613284111022949	0.7250182628631592	0.5	8	0.5	5	0.0	0	-0.5773502588272095	0.5773502588272095	-0.5773502588272095	0.40824660658836365	0.8164981007575989	0.4082470238208771	0.70710688829422	2.3841900542720396e-07	-0.7071066498756409
-0.9999998807907104	0.30372148752212524	-0.4508160948753357	0.5870348811149597	0.38712427020072937	0.5	6	0.5	5	0.0	0	-0.7071067690849304	0.7071067690849304	0.0	-0.707059919834137	-0.7071536183357239	6.29437266752575e-08	4.450793866794811e-08	4.450793866794811e-08	1.0
-0.9999998211860657	0.30372148752212524	-1.000000238418579	0.5870348811149597	0.32057425379753113	0.5	8	0.5	5	0.0	0	-0.929245114326477	0.0	-0.3694640100002289	-8.798478745575267e-08	-1.0	2.2130167565137526e-07	-0.3694640100002289	2.3815071870103566e-07	0.929245114326477
-1.000000238418579	0.30372148752212524	0.9999997615814209	0.2499999850988388	0.6473086476325989	0.5	6	0.5	5	0.0	0	-0.7071067690849304	0.0	0.7071067690849304	-0.7071536779403687	0.0	-0.7070598602294922	0.0	-1.0	0.0
-0.4508674144744873	0.30372148752212524	0.9999998807907104	0.18135836720466614	0.6473086476325989	0.3333333333333333	6	0.3333333333333333	5	0.3333333333333333	0	-0.7071067690849304	0.0	0.7071067690849304	-0.7071536779403687	0.0	-0.707059919834137	0.0	-1.0	0.0
0.9999995231628418	0.30372148752212524	1.0000003576278687	0.9129652380943298	0.5629337430000305	1.0	2	0.0	0	0.0	0	0.7071067690849304	0.0	0.7071067690849304	-1.256996569054536e-07	1.0	1.256667587767879e-07	-0.7071067690849304	-1.7774289062799653e-07	0.7071067690849304
0.9999997019767761	0.30372148752212524	0.5660731196403503	0.9129651784896851	0.5103505849838257	1.0	2	0.0	0	0.0	0	0.7071067690849304	0.0	0.7071067690849304	-3.1135490985434444e-07	1.0	3.113561888312688e-07	-0.7071067690849304	-4.4032321966369636e-07	0.7071067690849304
0.9999998807907104	-0.4399011731147766	0.5660728812217712	0.8200123906135559	0.5103505253791809	1.0	2	0.0	0	0.0	0	0.9045395851135254	-0.3015030324459076	0.3015030324459076	0.2860117256641388	0.9534720182418823	0.09533371031284332	-0.3162181079387665	2.905829319388431e-07	0.9486865401268005
1.0	-1.0	1.0	0.7500000596046448	0.5629337430000305	1.0	2	0.0	0	0.0	0	0.5773502588272095	-0.5773502588272095	0.5773502588272095	0.4082465171813965	0.8164981603622437	0.4082470238208771	-0.7071070075035095	-2.8312260269558465e-07	0.7071067094802856
1.0	-1.0	0.5660727620124817	0.75	0.5103505253791809	1.0	2	0.0	0	0.0	0	0.7071067690849304	-0.7071067690849304	0.0	0.7070599794387817	0.7071536183357239	1.2608076360720588e-07	-8.915256444197439e-08	-8.915256444197439e-08	1.0
-0.450867235660553	-0.4399011731147766	0.9999998807907104	0.18135835230350494	0.7374206781387329	0.3333333333333333	6	0.3333333333333333	5	0.3333333333333333	0	-0.3015030324459076	-0.3015030324459076	0.9045395851135254	-0.9534720182418823	0.09533362090587616	-0.2860117256641388	3.725422175193671e-07	-0.9486864805221558	-0.3162180483341217
-1.0000001192092896	-1.0	0.9999998211860657	0.24999995529651642	0.8052933812141418	1.0	5	0.0	0	0.0	0	-0.5773502588272095	-0.5773502588272095	0.5773502588272095	-0.8164981007575989	0.4082466661930084	-0.40824687480926514	1.192095169244567e-07	-0.70710688829422	-0.7071067690849304
-0.4508671164512634	-1.0	0.9999998807907104	0.18135835230350494	0.8052933812141418	0.3333333333333333	6	0.3333333333333333	5	0.3333333333333333	0	0.0	-0.7071067690849304	0.7071067690849304	-1.0	-1.9213246105209691e-07	-1.9211887547498918e-07	2.7170673888576857e-07	-0.7071067690849304	-0.7071067690849304
-0.9999997615814209	-1.0	-0.45081624388694763	0.7500000596046448	0.387124240398407	0.5	6	0.5	5	0.0	0	-0.7071067690849304	-0.7071067690849304	0.0	0.7070598602294922	-0.7071536779403687	-1.7302134835972538e-07	1.223445735831774e-07	-1.223445735831774e-07	1.0
-0.9999997019767761	-0.4399011731147766	-1.000000238418579	0.6799876689910889	0.32057425379753113	0.5	8	0.5	5	0.0	0	-0.8892319202423096	-0.11224886029958725	-0.4434714913368225	0.1004469245672226	-0.993680477142334	0.050094123929739	-0.446291983127594	-5.5880235549921053e-08	0.894887387752533
-0.9999996423721313	-1.0	-1.0000003576278687	0.7500000596046448	0.32057422399520874	0.5	8	0.5	5	0.0	0	-0.5773502588272095	-0.5773502588272095	-0.5773502588272095	0.4082466959953308	-0.8164981603622437	0.408246785402298	-0.70710688829422	5.960475846222835e-08	0.7071068286895752
-0.45086678862571716	-0.4399011731147766	-1.5814125537872314	0.6799876689910889	0.25011879205703735	1.0	8	0.0	0	0.0	0	-0.6121861338615417	-0.6080355644226074	-0.505490779876709	0.46883445978164673	-0.7939332127571106	0.387123167514801	-0.6367105841636658	-7.450768180206069e-08	0.7711029052734375
-0.9999997615814209	-0.181000217795372	-1.000000238418579	0.6476250886917114	0.32057425379753113	0.5	8	0.5	5	0.0	0	-0.929245114326477	0.0	-0.3694640100002289	-1.2718088804319905e-08	-1.0	3.199582820911928e-08	-0.3694639801979065	3.443084040100075e-08	0.9292450547218323
-0.45086681842803955	-0.181000217795372	-1.5814125537872314	0.6476250886917114	0.25011879205703735	1.0	8	0.0	0	0.0	0	-0.929245114326477	0.0	-0.3694640100002289	7.858397488291757e-09	-1.0	-1.9759346159275992e-08	-0.3694640100002289	-2.1264668248477392e-08	0.929245114326477
-1.000000238418579	-0.4399011731147766	0.9999997615814209	0.6799877285957336	0.5629338026046753	0.5	6	0.5	5	0.0	0	-0.7071067690849304	0.0	0.7071067690849304	6.170027688767732e-08	-1.0	6.169434385583372e-08	0.7071068286895752	8.725317002244992e-08	0.7071068286895752
-1.0	-1.0	0.5660725235939026	0.7500000596046448	0.5103505849838257	0.5	6	0.5	5	0.0	0	-0.7071067690849304	-0.7071067690849304	0.0	0.7070598602294922	-0.7071536779403687	3.5439750689647553e-08	-2.5059691211026802e-08	2.5059691211026802e-08	1.0
-1.0000001192092896	-1.0	0.9999998211860657	0.7500000596046448	0.5629338026046753	1.0	5	0.0	0	0.0	0	-0.5773502588272095	-0.5773502588272095	0.5773502588272095	0.4082469642162323	-0.8164981007575989	-0.40824660658836365	0.7071067690849304	2.086166546177992e-07	0.7071069478988647
0.9999998807907104	-0.4399011731147766	0.23816527426242828	0.8200123906135559	0.47061479091644287	1.0	2	0.0	0	0.0	0	0.7071067690849304	-0.7071067690849304	0.0	0.707059919834137	0.7071536183357239	-1.3074435400994844e-07	9.24502288057738e-08	9.24502288057738e-08	1.0
1.0	-1.0	0.23816515505313873	0.7500000596046448	0.4706147611141205	1.0	2	0.0	0	0.0	0	0.7071067690849304	-0.7071067690849304	0.0	0.707059919834137	0.7071536183357239	-3.123739134025527e-07	2.208817164728316e-07	2.208817164728316e-07	1.0
-1.0000003576278687	0.5431502461433411	0.9999997019767761	0.5571063160896301	0.5629338026046753	0.5	6	0.5	5	0.0	0	-0.7071067690849304	0.0	0.7071067690849304	1.4056482200430764e-07	-1.0	1.4056438146781147e-07	0.7071068286895752	1.9878837065334665e-07	0.7071068286895752
-1.000000238418579	0.30372148752212524	0.5660725235939026	0.5870348811149597	0.5103505849838257	0.5	6	0.5	5	0.0	0	-0.7071067690849304	0.7071067690849304	0.0	-0.707059919834137	-0.7071536183357239	4.168766309931016e-08	2.9477631002805538e-08	2.9477631002805538e-08	1.0
-1.000000238418579	0.30372148752212524	0.9999997615814209	0.5870348811149597	0.5629338026046753	0.5	6	0.5	5	0.0	0	-0.7071067690849304	0.0	0.7071067690849304	1.867130379196169e-07	-1.0	1.8670478141302738e-07	0.7071067690849304	2.640462639647012e-07	0.7071067690849304
-1.0000003576278687	1.0	0.9999996423721313	0.5000001192092896	0.5629338026046753	0.5	6	0.5	5	0.0	0	-0.5773502588272095	0.5773502588272095	0.5773502588272095	-0.4082466959953308	-0.8164982199668884	0.40824684500694275	0.7071068286895752	8.940713769334252e-08	0.7071067690849304
-1.000000238418579	0.5431502461433411	0.5660725235939026	0.5571063160896301	0.5103505849838257	0.5	6	0.5	5	0.0	0	-0.8320549726486206	0.5546931624412537	0.0	-0.5546546578407288	-0.8320806622505188	1.0987820786567681e-07	6.094869320349972e-08	9.142470958067861e-08	1.0
0.9999997615814209	1.0	0.2381656914949417	1.0	0.47061482071876526	1.0	2	0.0	0	0.0	0	0.7071067690849304	0.7071067690849304	0.0	-0.707059919834137	0.7071536183357239	3.584309808957187e-07	2.5344903065160906e-07	-2.5344903065160906e-07	1.0
0.9999997615814209	0.5431502461433411	0.23816557228565216	0.9428938031196594	0.47061482071876526	1.0	2	0.0	0	0.0	0	0.7071067690849304	0.7071067690849304	0.0	-0.707059919834137	0.7071536779403687	3.643619663762365e-07	2.5764279598661233e-07	-2.5764279598661233e-07	1.0
-0.45086729526519775	1.0	0.23816515505313873	0.06864163279533386	0.09231896698474884	0.3333333333333333	6	0.3333333333333333	5	0.3333333333333333	0	0.0	1.0	0.0	1.0	0.0	4.996613824914675e-07	4.996613824914675e-07	0.0	-1.0
-1.000000238418579	1.0	0.5660724639892578	4.470348002882929e-08	0.05258319899439812	0.5	6	0.5	5	0.0	0	-0.7071067690849304	0.7071067690849304	0.0	0.7071536779403687	0.7070598602294922	7.525271144004364e-07	5.321170988281665e-07	5.321170988281665e-07	-1.0
-0.9999999403953552	-1.0	0.23816490173339844	0.2500000298023224	0.47061482071876526	0.5	6	0.5	5	0.0	0	-0.7071067690849304	-0.7071067690849304	0.0	0.7071536779403687	-0.7070598602294922	1.461856555806662e-07	-1.0336886901995967e-07	1.0336886901995967e-07	1.0
-0.4508669972419739	-1.0	0.2381649613380432	0.31864163279533386	0.47061482071876526	0.3333333333333333	6	0.3333333333333333	5	0.3333333333333333	0	0.0	-1.0	0.0	1.0	0.0	3.7931397400825517e-07	-3.7931397400825517e-07	0.0	1.0
-0.4508668780326843	-1.0	-0.4508161246776581	0.31864163279533386	0.387124240398407	0.3333333333333333	6	0.3333333333333333	5	0.3333333333333333	0	0.0	-1.0	0.0	1.0	0.0	2.5202402298418747e-07	-2.5202402298418747e-07	0.0	1.0
-0.9999996423721313	-1.0	-1.0000003576278687	0.2500000298023224	0.32057425379753113	0.5	8	0.5	5	0.0	0	-0.5773502588272095	-0.5773502588272095	-0.5773502588272095	0.8164981007575989	-0.40824705362319946	-0.40824654698371887	-2.8312260269558465e-07	-0.7071067094802856	0.7071070075035095
-0.45086678862571716	-1.0	-1.000000238418579	0.31864163279533386	0.32057422399520874	0.5	8	0.5	5	0.0	0	-0.11307472735643387	-0.8863776922225952	-0.44894179701805115	0.99358731508255	-0.10086745023727417	-0.05108816549181938	-2.011721704775482e-07	-0.4518396556377411	0.8920992016792297
-0.9999999403953552	1.0	-1.0	0.0	0.24235950410366058	0.5	8	0.5	5	0.0	0	-0.5773502588272095	0.5773502588272095	-0.5773502588272095	0.8164981007575989	0.40824711322784424	-0.40824636816978455	4.321344988511555e-07	-0.7071065902709961	-0.7071070075035095
-0.4508671164512634	1.0	-0.4508158564567566	0.06864161789417267	0.17580953240394592	0.3333333333333333	6	0.3333333333333333	5	0.3333333333333333	0	0.0	1.0	0.0	1.0	0.0	4.77887112992903e-07	4.77887112992903e-07	0.0	-1.0
-0.4508669376373291	1.0	-0.9999998807907104	0.06864161044359207	0.24235953390598297	0.5	8	0.5	5	0.0	0	-0.11270582675933838	0.9092457890510559	-0.40071144700050354	0.9936286211013794	0.10313282161951065	-0.04545097053050995	4.0233481968243723e-07	-0.40328094363212585	-0.9150763154029846
1.0000004768371582	1.0	-0.999999463558197	1.0	0.32057422399520874	0.5	8	0.5	2	0.0	0	0.5773502588272095	0.5773502588272095	-0.5773502588272095	-0.4082465171813965	0.8164981007575989	0.4082469940185547	0.7071069478988647	-2.6822141308002756e-07	0.7071067094802856
1.0000001192092896	0.5431502461433411	-0.45081549882888794	0.9428938031196594	0.387124240398407	1.0	2	0.0	0	0.0	0	0.9045395851135254	0.3015030324459076	-0.3015030324459076	-0.2860115170478821	0.9534718990325928	0.09533427655696869	0.3162182867527008	-2.905829319388431e-07	0.9486864805221558
1.0000003576278687	0.5431502461433411	-0.9999995827674866	0.9428938031196594	0.32057422399520874	0.5	8	0.5	2	0.0	0	0.8846153020858765	0.12207483500242233	-0.4500594139099121	-0.10880140215158463	0.9925211071968079	0.055354584008455276	0.45345085859298706	-4.2096056063201104e-07	0.8912813067436218
1.0	0.30372148752212524	-0.4508155584335327	0.9129651784896851	0.387124240398407	1.0	2	0.0	0	0.0	0	0.7071067690849304	0.0	-0.7071067690849304	2.427028675811016e-07	1.0	2.427020433515281e-07	0.7071067690849304	-3.4323306863370817e-07	0.7071067690849304
1.000000238418579	0.30372148752212524	-0.9999996423721313	0.9129651784896851	0.32057422399520874	0.5	8	0.5	2	0.0	0	0.9303194284439087	0.0	-0.3667502999305725	1.209676980806762e-07	1.0	3.0683477802995185e-07	0.3667502999305725	-3.2981930075948185e-07	0.9303194284439087
1.0000001192092896	-0.4399011731147766	-0.9999998211860657	0.8200123906135559	0.32057422399520874	0.5	8	0.5	2	0.0	0	0.8905737996101379	-0.1123097762465477	-0.44075483083724976	0.10065416991710663	0.9936736226081848	-0.04981445521116257	0.4435611069202423	-3.6508384937405935e-07	0.8962441086769104
1.0	-1.0	-0.4508158564567566	0.7500000596046448	0.3871242105960846	1.0	2	0.0	0	0.0	0	0.7071067690849304	-0.7071067690849304	0.0	0.707059919834137	0.7071536779403687	2.9547993563028285e-07	-2.0893585883641208e-07	-2.0893585883641208e-07	1.0
1.0	-1.0	-0.9999999403953552	0.75	0.32057422399520874	0.5	8	0.5	2	0.0	0	0.5773502588272095	-0.5773502588272095	-0.5773502588272095	0.4082469940185547	0.8164981007575989	-0.4082464873790741	0.7071066498756409	-2.9802379231114173e-07	0.7071069478988647
-0.9999998807907104	-1.0	-0.10079801827669144	0.7500000596046448	0.42953935265541077	0.5	6	0.5	5	0.0	0	-0.7071067690849304	-0.7071067690849304	0.0	0.707059919834137	-0.7071536779403687	1.265151894358496e-07	-8.945973917207084e-08	8.945973917207084e-08	1.0
-0.9999998211860657	-0.4399011731147766	-0.4508161246776581	0.6799876689910889	0.387124240398407	0.5	6	0.5	5	0.0	0	-0.8320549726486206	0.5546931624412537	0.0	-0.554654598236084	-0.8320806622505188	2.1599873889499577e-07	1.1981300929164718e-07	1.7972283217204676e-07	1.0
-1.0	0.5431502461433411	-0.10079792886972427	0.5571063160896301	0.42953938245773315	0.5	6	0.5	5	0.0	0	-0.7071067690849304	0.7071067690849304	0.0	-0.7070598602294922	-0.7071536779403687	-2.60201034052443e-08	-1.8398990775381208e-08	-1.8398990775381208e-08	1.0
-1.0000001192092896	1.0	-0.4508160352706909	0.5000000596046448	0.38712427020072937	0.5	6	0.5	5	0.0	0	-0.7071067690849304	0.7071067690849304	0.0	-0.707059919834137	-0.7071536183357239	-1.458335106008235e-07	-1.0311987352906726e-07	-1.0311987352906726e-07	1.0
0.003177851438522339	1.0	-0.45081570744514465	0.1253972351551056	0.17580953240394592	1.0	0	0.0	0	0.0	0	0.0	1.0	0.0	1.0	0.0	3.9081996305867506e-07	3.9081996305867506e-07	0.0	-1.0
0.0031780898571014404	1.0	-0.9999997615814209	0.1253972351551056	0.24235953390598297	1.0	8	0.0	0	0.0	0	0.0	0.9450709819793701	-0.3268652856349945	1.0	1.162158156375881e-07	3.360351001902018e-07	3.555639693786361e-07	-0.3268652856349945	-0.9450709819793701
1.745969295501709	-0.181000217795372	-0.45081567764282227	0.4782334268093109	0.6372659206390381	0.5	3	0.5	2	0.0	0	0.0	0.0	-1.0	-1.0	-7.691964043488042e-08	0.0	-7.691964043488042e-08	1.0	0.0
1.0	-0.4399011731147766	-0.45081573724746704	0.5714795589447021	0.6058923602104187	1.0	2	0.0	0	0.0	0	0.9045395851135254	-0.3015030324459076	-0.3015030324459076	-0.4265255033969879	-0.6395608186721802	-0.6395608186721802	0.0	0.7071068286895752	-0.7071068286895752
1.0	-0.181000217795372	-0.45081567764282227	0.5714795589447021	0.6372659206390381	1.0	2	0.0	0	0.0	0	0.7071067690849304	0.0	-0.7071067690849304	-0.7071536779403687	0.0	-0.707059919834137	0.0	1.0	0.0
1.745969295501709	0.5431502461433411	-0.10079733282327652	0.7423429489135742	0.8142854571342468	0.5	3	0.5	2	0.0	0	0.28639015555381775	0.9581130743026733	0.0	-4.547413539057743e-07	1.3592239156423602e-07	1.0	0.9581130743026733	-0.28639015555381775	4.7462049224122893e-07
1.0000001192092896	0.5431502461433411	-0.45081549882888794	0.6985906958580017	0.7238890528678894	1.0	2	0.0	0	0.0	0	0.9045395851135254	0.3015030324459076	-0.3015030324459076	0.28601154685020447	0.09533411264419556	0.9534719586372375	0.31621822714805603	-0.9486865401268005	1.266643749886498e-07
0.9999999403953552	0.5431502461433411	-0.10079733282327652	0.7423429489135742	0.7238890528678894	1.0	2	0.0	0	0.0	0	0.7071067690849304	0.7071067690849304	0.0	-2.590658425560832e-07	2.5903148070938187e-07	1.0	0.7071068286895752	-0.7071068286895752	3.663501502160216e-07
0.9999997019767761	0.30372148752212524	0.5660731196403503	0.41073983907699585	0.5919477343559265	1.0	2	0.0	0	0.0	0	0.7071067690849304	0.0	0.7071067690849304	-0.7071536779403687	0.0	0.707059919834137	0.0	-1.0	0.0
1.7459689378738403	0.5431502461433411	0.5660731792449951	0.3174937069416046	0.5629338026046753	0.5	3	0.5	2	0.0	0	0.21815070509910583	0.7297733426094055	0.6479515433311462	-0.9759171009063721	0.16312311589717865	0.1448335200548172	-2.3097264545413054e-07	-0.6639424562454224	0.7477836608886719
0.9999996423721313	0.5431502461433411	0.5660731792449951	0.41073983907699585	0.5629338026046753	1.0	2	0.0	0	0.0	0	0.9045395851135254	0.3015030324459076	0.3015030324459076	-0.42652541399002075	0.6395608186721802	0.6395608186721802	0.0	-0.7071068286895752	0.7071068286895752
1.745969295501709	-0.4399011731147766	0.23816527426242828	0.6576021909713745	0.7893199324607849	0.5	3	0.5	2	0.0	0	-0.28639015555381775	-0.9581130743026733	0.0	-1.4028036332547345e-07	4.19298658016487e-08	1.0	-0.9581130743026733	0.28639015555381775	-1.4641275924986985e-07
0.9999998807907104	-0.4399011731147766	0.5660728812217712	0.6985906362533569	0.8797163367271423	1.0	2	0.0	0	0.0	0	0.9045395851135254	-0.3015030324459076	0.3015030324459076	-0.28601160645484924	0.09533393383026123	0.9534720182418823	-0.31621819734573364	-0.9486865401268005	-5.215591158957977e-08
0.9999998807907104	-0.4399011731147766	0.23816527426242828	0.6576021909713745	0.8797163367271423	1.0	2	0.0	0	0.0	0	0.7071067690849304	-0.7071067690849304	0.0	-3.868808207130314e-08	-3.868295905817831e-08	1.0	-0.7071067690849304	-0.7071067690849304	-5.470958797104686e-08
-2.2523152828216553	0.19796627759933472	-0.10079822689294815	0.2500000298023224	0.9191887378692627	0.5	7	0.5	5	0.0	0	-0.8913111090660095	0.4533921480178833	0.0	-0.45337381958961487	-0.891320526599884	-1.1371762198564284e-08	-5.15586773275345e-09	-1.0135777550601688e-08	1.0
-2.252315044403076	-0.0414624959230423	-0.45081639289855957	0.279928594827652	0.8767735958099365	0.5	7	0.5	5	0.0	0	-0.7071067690849304	0.0	-0.7071067690849304	2.527690980969055e-07	-1.0	-2.527365552396077e-07	-0.7071067690849304	-3.574464813027589e-07	0.7071067690849304
-2.252315044403076	-0.0414624959230423	-0.10079823434352875	0.27992862462997437	0.9191887378692627	0.5	7	0.5	5	0.0	0	-1.0	0.0	0.0	0.0	-1.0	-1.2587816122788809e-08	0.0	-1.2587816122788809e-08	1.0
-1.000000238418579	-0.181000217795372	0.5660725235939026	0.0	0.0	0.5	6	0.5	5	0.0	0	-0.7071067690849304	0.7071067690849304	0.0	1.0	0.0	0.0	0.0	0.0	-0.9999999403953552
-1.0000001192092896	-0.4399011731147766	0.5660725235939026	0.0	0.0	0.5	6	0.5	5	0.0	0	0.0	0.7071067690849304	0.7071067690849304	1.0	0.0	0.0	0.0	0.7071067690849304	-0.7071067690849304
-1.0000001192092896	-0.4399011731147766	0.5660725235939026	0.0	0.0	0.5	6	0.5	5	0.0	0	-0.8320549726486206	0.5546931624412537	0.0	1.0	0.0	0.0	0.0	0.0	-1.0
-1.0000001192092896	0.5431502461433411	0.23816491663455963	0.0	0.0	0.5	6	0.5	5	0.0	0	-0.7071067690849304	0.7071067690849304	0.0	1.0	0.0	0.0	0.0	0.0	-0.9999999403953552
-1.000000238418579	0.5431502461433411	0.5660725235939026	0.0	0.0	0.5	6	0.5	5	0.0	0	0.0	0.9486894607543945	0.31620949506759644	1.0	0.0	0.0	0.0	0.31620949506759644	-0.9486894607543945
-1.000000238418579	0.5431502461433411	0.5660725235939026	0.0	0.0	0.5	6	0.5	5	0.0	0	-0.8320549726486206	0.5546931624412537	0.0	1.0	0.0	0.0	0.0	0.0	-1.0
-0.9999998807907104	0.30372148752212524	-0.4508160948753357	0.0	0.0	0.5	6	0.5	5	0.0	0	-0.7071067690849304	0.7071067690849304	0.0	1.0	0.0	0.0	0.0	0.0	-0.9999999403953552
-0.9999999403953552	0.5431502461433411	-0.4508160948753357	0.0	0.0	0.5	6	0.5	5	0.0	0	0.0	0.9486894607543945	-0.31620949506759644	1.0	0.0	0.0	0.0	-0.31620949506759644	-0.9486894607543945
-0.9999999403953552	0.5431502461433411	-0.4508160948753357	0.0	0.0	0.5	6	0.5	5	0.0	0	-0.8320549726486206	0.5546931624412537	0.0	1.0	0.0	0.0	0.0	0.0	-1.0
-0.9999998807907104	-0.4399011731147766	-0.10079795867204666	0.0	0.0	0.5	6	0.5	5	0.0	0	-0.7071067690849304	0.7071067690849304	0.0	1.0	0.0	0.0	0.0	0.0	-0.9999999403953552
-0.9999998211860657	-0.4399011731147766	-0.4508161246776581	0.0	0.0	0.5	6	0.5	5	0.0	0	0.0	0.7071067690849304	-0.7071067690849304	1.0	0.0	0.0	0.0	-0.7071067690849304	-0.7071067690849304
-0.9999998211860657	-0.4399011731147766	-0.4508161246776581	0.0	0.0	0.5	6	0.5	5	0.0	0	-0.8320549726486206	0.5546931624412537	0.0	1.0	0.0	0.0	0.0	0.0	-1.0
2.2859177589416504	0.18864759802818298	0.2381659299135208	0.4957628548145294	0.9602642059326172	0.5	4	0.5	2	0.0	0	0.880018949508667	0.47493860125541687	0.0	-0.47491952776908875	0.8800293207168579	3.6818269677496573e-07	1.7486415515577391e-07	-3.2400771488028113e-07	1.0
2.2859177589416504	-0.05078114569187164	0.566073477268219	0.46583428978919983	0.9999999403953552	0.5	4	0.5	2	0.0	0	0.7071067690849304	0.0	0.7071067690849304	-2.345409342296989e-07	1.0	2.345397120961934e-07	-0.7071067690849304	-3.3169013136102876e-07	0.7071067690849304
2.2859177589416504	-0.05078116059303284	0.23816585540771484	0.46583425998687744	0.9602642059326172	0.5	4	0.5	2	0.0	0	1.0	0.0	0.0	0.0	1.0	2.8770790549970116e-07	0.0	-2.8770790549970116e-07	1.0
2.2859179973602295	-0.5355029106140137	-0.4508152902126312	0.41073983907699585	0.5943073630332947	0.5	4	0.5	2	0.0	0	0.7071067690849304	0.0	-0.7071067690849304	-0.7071536183357239	-4.550596344188307e-08	-0.707059919834137	-3.217757793549936e-08	1.0	-3.217757793549936e-08
1.745969295501709	-0.4399011731147766	-0.45081573724746704	0.4782334268093109	0.6058923602104187	0.5	3	0.5	2	0.0	0	-0.1800641417503357	-0.6024213433265686	-0.7776024341583252	-0.9836567640304565	0.11027120798826218	0.14233696460723877	3.352853070737183e-07	0.7905235886573792	-0.6124316453933716
2.2859179973602295	0.18864759802818298	-0.4508151113986969	0.6985906958580017	0.8797162771224976	0.5	4	0.5	2	0.0	0	0.6944640874862671	0.37480613589286804	-0.6141985654830933	0.5404790639877319	0.29169997572898865	0.7891727089881897	0.4749484956264496	-0.8800135850906372	2.98029817713541e-07
1.7459694147109985	0.5431502461433411	-0.45081549882888794	0.6985906958580017	0.8142854571342468	0.5	3	0.5	2	0.0	0	0.21815070509910583	0.7297733426094055	-0.6479515433311462	0.18556977808475494	0.6207827925682068	0.7617038488388062	0.9581083059310913	-0.2864064574241638	3.2783219694465515e-07
1.7459690570831299	0.30372148752212524	0.5660731196403503	0.3174936771392822	0.5919477343559265	0.5	3	0.5	2	0.0	0	0.0	0.0	1.0	-1.0	1.6646266942643706e-07	0.0	-1.6646266942643706e-07	-1.0	0.0
2.2859175205230713	0.18864759802818298	0.5660735368728638	0.25000011920928955	0.6058923602104187	0.5	4	0.5	2	0.0	0	0.6944640874862671	0.37480613589286804	0.6141985654830933	-0.7195571064949036	0.3617347776889801	0.5927778482437134	-2.2352240591771988e-07	-0.8536139130592346	0.5209062695503235
2.2859179973602295	-0.7944037914276123	0.23816566169261932	0.6576021909713745	0.7238890528678894	0.5	4	0.5	2	0.0	0	0.47493860125541687	-0.880018949508667	0.0	-7.007947289139338e-08	-3.781931923185766e-08	1.0	-0.880018949508667	-0.47493860125541687	-7.963312498304731e-08
1.7459691762924194	-0.4399011731147766	0.5660728812217712	0.6985906362533569	0.7893199324607849	0.5	3	0.5	2	0.0	0	-0.1800641417503357	-0.6024213433265686	0.7776024341583252	0.22267822921276093	0.7449923753738403	0.6288089752197266	-0.9581158757209778	0.2863810658454895	-2.980314093292691e-07
-1.000000238418579	-0.181000217795372	0.5660725235939026	0.7280189990997314	0.6361366510391235	0.5	6	0.5	5	0.0	0	0.0	0.7071678042411804	0.7070457339286804	1.0	-6.022608545208641e-08	6.025896226447003e-08	8.519580063648391e-08	0.7070457935333252	-0.7071678638458252
-1.778504490852356	-0.4399012625217438	0.5660723447799683	0.6307059526443481	0.6047630906105042	1.0	5	0.0	0	0.0	0	0.1922406405210495	-0.5903944969177246	0.7838863730430603	0.9813496470451355	0.11564983427524567	-0.15355157852172852	-3.278332769696135e-07	0.7987854480743408	0.6016159653663635
-1.0000001192092896	-0.4399011731147766	0.5660725235939026	0.7280189990997314	0.6047630906105042	0.5	6	0.5	5	0.0	0	0.0	0.7071067690849304	0.7071067690849304	1.0	-3.85703771144108e-08	3.859570441022697e-08	5.456465856923387e-08	0.7071067690849304	-0.7071067690849304
-1.7785043716430664	0.5431501865386963	0.2381647378206253	0.4632337987422943	0.7824346423149109	1.0	5	0.0	0	0.0	0	-0.3096187710762024	0.9508607387542725	0.0	-2.226348385647725e-07	-7.249036571010947e-08	1.0	0.9508607387542725	0.3096187710762024	2.3413910810177185e-07
-1.000000238418579	0.5431502461433411	0.5660725235939026	0.5042222142219543	0.8767735958099365	0.5	6	0.5	5	0.0	0	0.0	0.9486894607543945	0.31620949506759644	-4.776123887495487e-07	-0.3161951005458832	0.9486942291259766	1.0	-1.5102554584700556e-07	4.531057982148923e-07
-1.0000001192092896	0.5431502461433411	0.23816491663455963	0.4632337689399719	0.8767735958099365	0.5	6	0.5	5	0.0	0	0.0	1.0	0.0	-4.1669468942018284e-07	0.0	1.0	1.0	0.0	4.1669468942018284e-07
-1.7785041332244873	0.30372142791748047	-0.45081627368927	0.82533198595047	0.6948751211166382	1.0	5	0.0	0	0.0	0	0.0	0.0	-1.0	-1.0	-3.1643799047742505e-07	0.0	-3.1643799047742505e-07	1.0	0.0
-0.9999999403953552	0.5431502461433411	-0.4508160948753357	0.7280189990997314	0.7238890528678894	0.5	6	0.5	5	0.0	0	0.0	0.9486894607543945	-0.31620949506759644	-1.0	-7.659502898604842e-08	-2.297998094036302e-07	-2.422287366243836e-07	0.31620949506759644	0.9486894607543945
-0.9999998807907104	0.30372148752212524	-0.4508160948753357	0.7280189990997314	0.6948751211166382	0.5	6	0.5	5	0.0	0	0.0	0.7071067690849304	-0.7071067690849304	-1.0	-1.615883746808322e-07	-1.6159739857357636e-07	-2.2852685788166127e-07	0.7071068286895752	0.7071068286895752
-1.7785042524337769	-0.4399012625217438	-0.10079813748598099	0.2937523126602173	0.8193572759628296	1.0	5	0.0	0	0.0	0	0.3096187710762024	-0.9508607387542725	0.0	-2.9151516400816035e-07	-9.491725450061494e-08	1.0	-0.9508607387542725	-0.3096187710762024	-3.065784994760179e-07
-0.9999998211860657	-0.4399011731147766	-0.4508161246776581	0.2500000596046448	0.7250182628631592	0.5	6	0.5	5	0.0	0	0.0	0.7071067690849304	-0.7071067690849304	-3.5095177963739843e-07	0.7070599794387817	0.7071536183357239	1.0	2.4816037580421835e-07	2.4816037580421835e-07
-0.9999998807907104	-0.4399011731147766	-0.10079795867204666	0.2937523424625397	0.7250182628631592	0.5	6	0.5	5	0.0	0	0.7817730903625488	0.6235629320144653	0.0	4.048194313099884e-08	-5.074931408444172e-08	1.0	0.6235629320144653	-0.7817730903625488	-6.491749360293397e-08
-2.2523155212402344	-0.5261842012405396	0.5660722255706787	0.5714795589447021	0.5943073630332947	0.5	7	0.5	5	0.0	0	-0.7071067690849304	0.0	0.7071067690849304	0.7071536779403687	4.3570426555561426e-07	0.707059919834137	-3.080894259710476e-07	1.0	-3.080894259710476e-07
-1.778504490852356	-0.18100027740001678	0.5660723447799683	0.6307059526443481	0.6361366510391235	1.0	5	0.0	0	0.0	0	0.0	0.0	1.0	1.0	1.822764659209497e-07	0.0	-1.822764659209497e-07	1.0	0.0
-2.2523155212402344	0.19796627759933472	0.5660722255706787	0.5042222142219543	0.725018322467804	0.5	7	0.5	5	0.0	0	-0.7008065581321716	0.3564918041229248	0.6178865432739258	0.550710916519165	-0.2801418602466583	0.786281168460846	0.4533987045288086	0.8913078904151917	1.326222331954341e-06
-1.778504490852356	0.5431501865386963	0.5660723447799683	0.5042222142219543	0.7824346423149109	1.0	5	0.0	0	0.0	0	-0.23698124289512634	0.727759838104248	0.6435880064964294	0.1992644965648651	-0.6119346022605896	0.7653951048851013	0.9508575797080994	0.30962851643562317	3.278325095834589e-07
-2.2523152828216553	0.19796627759933472	-0.45081639289855957	0.884558379650116	0.6820597648620605	0.5	7	0.5	5	0.0	0	-0.7008065581321716	0.3564918041229248	-0.6178865432739258	-0.7133709788322449	-0.3502134382724762	0.6070027947425842	-6.5566041484999e-07	0.8661738634109497	0.4997427761554718
-1.7785042524337769	0.5431501865386963	-0.45081627368927	0.8253320455551147	0.7238890528678894	1.0	5	0.0	0	0.0	0	-0.23698124289512634	0.727759838104248	-0.6435880064964294	-0.9715166687965393	-0.17751501500606537	0.1569833904504776	-3.278325095834589e-07	0.662458598613739	0.749098539352417
-2.252315044403076	-0.7850852012634277	-0.10079825669527054	0.2937522828578949	0.8767735362052917	0.5	7	0.5	5	0.0	0	-0.4533921480178833	-0.8913111090660095	0.0	-1.0662898120017417e-07	5.424862692393617e-08	1.0	-0.8913111090660095	0.4533921480178833	-1.196355015053996e-07
-1.7785041332244873	-0.4399012625217438	-0.4508163034915924	0.2500000596046448	0.8193572759628296	1.0	5	0.0	0	0.0	0	0.1922406405210495	-0.5903944969177246	-0.7838863730430603	0.2426902949810028	-0.7453330159187317	0.6209509968757629	-0.950862467288971	-0.3096136152744293	-2.831287417848216e-07
0.0031779706478118896	-1.0	-0.4508160352706909	0.3753972351551056	0.387124240398407	0.5	2	0.5	0	0.0	0	0.0	-1.0	0.0	1.0	0.0	3.654071463188302e-07	-3.654071463188302e-07	0.0	1.0
0.0031780600547790527	-1.0	-1.000000238418579	0.3753972351551056	0.32057422399520874	1.0	8	0.0	0	0.0	0	0.0	-0.9274121522903442	-0.3740411698818207	1.0	-8.710577503734385e-08	2.1597796262540214e-07	-2.3288173167657078e-07	-0.3740411698818207	0.9274121522903442
0.0031778812408447266	-1.0	0.5660726428031921	0.375397264957428	0.5103505849838257	1.0	0	0.0	0	0.0	0	0.0	-1.0	0.0	1.0	0.0	3.5367776263228734e-07	-3.5367776263228734e-07	0.0	1.0
0.0031779110431671143	-1.0	0.238165020942688	0.375397264957428	0.47061479091644287	1.0	0	0.0	0	0.0	0	0.0	-1.0	0.0	1.0	0.0	3.565372992397897e-07	-3.565372992397897e-07	0.0	1.0
0.0031775236129760742	1.0	0.5660728812217712	0.12539725005626678	0.052583206444978714	1.0	0	0.0	0	0.0	0	0.0	1.0	0.0	1.0	0.0	4.186305488929065e-07	4.186305488929065e-07	0.0	-1.0
0.003177642822265625	1.0	0.23816530406475067	0.12539725005626678	0.09231897443532944	1.0	0	0.0	0	0.0	0	0.0	1.0	0.0	1.0	0.0	4.565147833091032e-07	4.565147833091032e-07	0.0	-1.0
0.003177076578140259	0.5431499481201172	2.285552501678467	0.6282351613044739	0.8797163367271423	1.0	1	0.0	0	0.0	0	0.0	0.7071067690849304	0.7071067690849304	-1.0	1.312661339625265e-07	-1.3128352804869792e-07	-1.856506344211084e-07	-0.7071068286895752	0.7071068286895752
-0.45086777210235596	0.30372118949890137	2.2855520248413086	0.6849907636642456	0.9087302684783936	1.0	1	0.0	0	0.0	0	-0.9045395851135254	0.3015030324459076	0.3015030324459076	-0.4265255033969879	-0.6395601630210876	-0.6395614147186279	-3.8744391872569395e-07	-0.7071073651313782	0.7071062326431274
0.003177136182785034	0.30372118949890137	2.2855522632598877	0.6282351613044739	0.9087302684783936	1.0	1	0.0	0	0.0	0	0.0	0.7071067690849304	0.7071067690849304	-1.0	1.6109144951315102e-07	-1.6111279421693325e-07	-2.2783281394822552e-07	-0.7071068286895752	0.7071068286895752
0.0031777024269104004	-0.4399011731147766	0.9999999403953552	0.12460274994373322	0.7374207377433777	1.0	0	0.0	0	0.0	0	0.0	-0.7071067690849304	0.7071067690849304	-1.0	-1.7147887376722792e-07	-1.7146879827123485e-07	2.425006471185043e-07	-0.7071067690849304	-0.7071067690849304
0.003177821636199951	-1.0	0.9999998807907104	0.12460274249315262	0.8052933812141418	1.0	0	0.0	0	0.0	0	0.0	-0.7071067690849304	0.7071067690849304	-1.0	-3.281652638520427e-08	-3.282087490674712e-08	4.6412651499849744e-08	-0.7071067690849304	-0.7071067690849304
0.003178119659423828	0.5431502461433411	-1.5814123153686523	0.1253972053527832	0.31281498074531555	1.0	8	0.0	0	0.0	0	0.0	0.9450709819793701	-0.3268652856349945	1.0	2.0838169234593806e-07	6.025217658134352e-07	6.375385623869079e-07	-0.3268652856349945	-0.9450709819793701
-0.45086678862571716	-0.4399011731147766	-1.5814125537872314	0.3186416029930115	0.25011882185935974	1.0	8	0.0	0	0.0	0	-0.6121861338615417	-0.6080355644226074	-0.505490779876709	0.790737509727478	-0.4707297384738922	-0.3913407325744629	-4.619475646450155e-07	-0.6392838954925537	0.768970787525177
0.0031780898571014404	-0.4399011731147766	-1.5814125537872314	0.3753972053527832	0.25011879205703735	1.0	8	0.0	0	0.0	0	0.0	-0.9274121522903442	-0.3740411698818207	1.0	-1.5953744991747953e-07	3.955674969802203e-07	-4.2652769138840085e-07	-0.3740411698818207	0.9274121522903442
0.003177344799041748	1.0	1.0000001192092896	0.1246027797460556	0.5629338026046753	1.0	0	0.0	0	0.0	0	0.0	0.7071067690849304	0.7071067690849304	-1.0	2.426347407435969e-07	-2.4266691411867214e-07	-3.431600816838909e-07	-0.7071068286895752	0.7071068286895752
0.003177434206008911	0.5431502461433411	1.0000001192092896	0.124602772295475	0.6182947754859924	1.0	0	0.0	0	0.0	0	0.0	0.7071067690849304	0.7071067690849304	-1.0	2.2971569535457093e-07	-2.2974616342708032e-07	-3.2488858892065764e-07	-0.7071068286895752	0.7071068286895752
0.003177344799041748	1.0	1.0000001192092896	0.12539725005626678	0.0	1.0	0	0.0	0	0.0	0	0.0	0.7071067690849304	0.7071067690849304	1.0	-2.2570502267171833e-07	2.2573495073174854e-07	3.192162694176659e-07	0.7071067690849304	-0.7071067690849304
0.003177821636199951	-1.0	0.9999998807907104	0.375397264957428	0.5629338026046753	1.0	0	0.0	0	0.0	0	0.0	-0.7071067690849304	0.7071067690849304	1.0	3.278733515799104e-07	3.279168652170483e-07	-4.637136896690208e-07	0.7071067690849304	0.7071067690849304
1.0	-1.0	1.0	0.5	0.5629337430000305	1.0	2	0.0	0	0.0	0	0.5773502588272095	-0.5773502588272095	0.5773502588272095	0.8164981603622437	0.4082469046115875	-0.408246785402298	-5.960475846222835e-08	0.7071067690849304	0.7071068286895752
0.4572228193283081	-1.0	0.5660727024078369	0.4321528673171997	0.5103505849838257	0.5	2	0.5	0	0.0	0	0.0	-1.0	0.0	1.0	0.0	9.341083995195731e-08	-9.341083995195731e-08	0.0	1.0
1.0	-1.0	0.5660727620124817	0.5	0.5103505849838257	1.0	2	0.0	0	0.0	0	0.7071067690849304	-0.7071067690849304	0.0	0.7071536779403687	0.707059919834137	1.0721507237576589e-07	-7.581250827115582e-08	-7.581250827115582e-08	1.0
0.45722243189811707	1.0	0.5660730600357056	0.1821528673171997	0.052583206444978714	0.5	2	0.5	0	0.0	0	0.0	1.0	0.0	1.0	0.0	4.7679111503384775e-07	4.7679111503384775e-07	0.0	-1.0
0.9999993443489075	1.0	1.0000005960464478	0.25	0.0	1.0	2	0.0	0	0.0	0	0.5773502588272095	0.5773502588272095	0.5773502588272095	0.8164981007575989	-0.40824705362319946	-0.4082464277744293	3.576285507733701e-07	0.7071066498756409	-0.7071070075035095
0.9999995827674866	1.0	0.5660732984542847	0.25	0.05258321389555931	1.0	2	0.0	0	0.0	0	0.7071067690849304	0.7071067690849304	0.0	0.7071536779403687	-0.707059919834137	7.401628749903466e-07	5.233741831034422e-07	-5.233741831034422e-07	-1.0
0.9999993443489075	1.0	1.0000005960464478	5.215405707303944e-08	0.5629338026046753	1.0	2	0.0	0	0.0	0	0.5773502588272095	0.5773502588272095	0.5773502588272095	-0.8164981007575989	0.4082469344139099	0.40824654698371887	-2.235178442333563e-07	-0.7071067094802856	0.7071069478988647
